,Parametros CH1,Valores CH1,Tiempo CH1,Voltaje CH1,Parametros CH4,Valores CH4,Tiempo CH4,Voltaje CH4
0,CH activo,1,-2.2e-06,10480.0,CH activo,4,-2.2e-06,1.2000000000000002
1,Int. Temporal,2e-08,-2.1800000000000003e-06,10480.0,Int. Temporal,2e-08,-2.1800000000000003e-06,1.2000000000000002
2,Trigger,"AUTO;EDGE;5.0E-7;CH1;DC;RISE;CH1;FIELD;NORMAL;1;NTSC;CH1;POSITIVE;EQUAL;1.0E-3;9.02E3
",-2.16e-06,10480.0,Trigger,"AUTO;EDGE;5.0E-7;CH1;DC;RISE;CH1;FIELD;NORMAL;1;NTSC;CH1;POSITIVE;EQUAL;1.0E-3;9.02E3
",-2.16e-06,1.0
3,Unidades verticales,"""V""",-2.1400000000000003e-06,10480.0,Unidades verticales,"""V""",-2.1400000000000003e-06,1.2000000000000002
4,Volts x div,5.0E2,-2.12e-06,10480.0,Volts x div,5.0E0,-2.12e-06,1.0
5,Offset vertical (en unidades digitales),-523.0,-2.1000000000000002e-06,10480.0,Offset vertical (en unidades digitales),79.0,-2.1000000000000002e-06,1.2000000000000002
6,Unidades horizontales,"""s""
",-2.08e-06,10480.0,Unidades horizontales,"""s""
",-2.08e-06,1.0
7,Escala horizontal,2e-08,-2.06e-06,10480.0,Escala horizontal,2e-08,-2.06e-06,1.4000000000000001
8,Cero vertical (en unidades verticales),0.0,-2.04e-06,10480.0,Cero vertical (en unidades verticales),0.0,-2.04e-06,1.2000000000000002
9,Factor de Atenuacion,1.0E3,-2.02e-06,10480.0,Factor de Atenuacion,1.0E1,-2.02e-06,1.0
10,Fecha,05-07-2024 12:32:46,-2.0000000000000003e-06,10480.0,Fecha,05-07-2024 12:32:52,-2.0000000000000003e-06,1.0
11,,,-1.98e-06,10480.0,,,-1.98e-06,1.4000000000000001
12,,,-1.96e-06,10480.0,,,-1.96e-06,1.4000000000000001
13,,,-1.94e-06,10480.0,,,-1.94e-06,1.2000000000000002
14,,,-1.9200000000000003e-06,10480.0,,,-1.9200000000000003e-06,1.2000000000000002
15,,,-1.9e-06,10480.0,,,-1.9e-06,1.2000000000000002
16,,,-1.8800000000000002e-06,10480.0,,,-1.8800000000000002e-06,1.2000000000000002
17,,,-1.86e-06,10480.0,,,-1.86e-06,1.2000000000000002
18,,,-1.8400000000000002e-06,10480.0,,,-1.8400000000000002e-06,1.2000000000000002
19,,,-1.8200000000000002e-06,10480.0,,,-1.8200000000000002e-06,1.2000000000000002
20,,,-1.8000000000000001e-06,10480.0,,,-1.8000000000000001e-06,1.2000000000000002
21,,,-1.7800000000000001e-06,10480.0,,,-1.7800000000000001e-06,1.2000000000000002
22,,,-1.76e-06,10480.0,,,-1.76e-06,1.2000000000000002
23,,,-1.74e-06,10480.0,,,-1.74e-06,1.6
24,,,-1.72e-06,10480.0,,,-1.72e-06,1.4000000000000001
25,,,-1.7000000000000002e-06,10480.0,,,-1.7000000000000002e-06,1.0
26,,,-1.68e-06,10480.0,,,-1.68e-06,1.2000000000000002
27,,,-1.6600000000000002e-06,10480.0,,,-1.6600000000000002e-06,1.4000000000000001
28,,,-1.64e-06,10480.0,,,-1.64e-06,1.4000000000000001
29,,,-1.6200000000000002e-06,10480.0,,,-1.6200000000000002e-06,1.2000000000000002
30,,,-1.6000000000000001e-06,10480.0,,,-1.6000000000000001e-06,1.2000000000000002
31,,,-1.5800000000000001e-06,10480.0,,,-1.5800000000000001e-06,1.2000000000000002
32,,,-1.56e-06,10480.0,,,-1.56e-06,1.4000000000000001
33,,,-1.54e-06,10480.0,,,-1.54e-06,1.2000000000000002
34,,,-1.52e-06,10480.0,,,-1.52e-06,1.2000000000000002
35,,,-1.5e-06,10480.0,,,-1.5e-06,1.2000000000000002
36,,,-1.4800000000000002e-06,10480.0,,,-1.4800000000000002e-06,1.4000000000000001
37,,,-1.46e-06,10480.0,,,-1.46e-06,1.2000000000000002
38,,,-1.4400000000000002e-06,10480.0,,,-1.4400000000000002e-06,1.4000000000000001
39,,,-1.42e-06,10480.0,,,-1.42e-06,1.0
40,,,-1.4000000000000001e-06,10480.0,,,-1.4000000000000001e-06,1.2000000000000002
41,,,-1.3800000000000001e-06,10480.0,,,-1.3800000000000001e-06,1.2000000000000002
42,,,-1.3600000000000001e-06,10480.0,,,-1.3600000000000001e-06,1.6
43,,,-1.34e-06,10480.0,,,-1.34e-06,1.4000000000000001
44,,,-1.32e-06,10480.0,,,-1.32e-06,1.2000000000000002
45,,,-1.3e-06,10480.0,,,-1.3e-06,1.6
46,,,-1.28e-06,10480.0,,,-1.28e-06,1.2000000000000002
47,,,-1.2600000000000002e-06,10480.0,,,-1.2600000000000002e-06,1.2000000000000002
48,,,-1.24e-06,10480.0,,,-1.24e-06,1.2000000000000002
49,,,-1.2200000000000002e-06,10480.0,,,-1.2200000000000002e-06,1.4000000000000001
50,,,-1.2000000000000002e-06,10480.0,,,-1.2000000000000002e-06,1.2000000000000002
51,,,-1.1800000000000001e-06,10480.0,,,-1.1800000000000001e-06,1.2000000000000002
52,,,-1.1600000000000001e-06,10480.0,,,-1.1600000000000001e-06,1.2000000000000002
53,,,-1.14e-06,10480.0,,,-1.14e-06,1.4000000000000001
54,,,-1.12e-06,10480.0,,,-1.12e-06,1.4000000000000001
55,,,-1.1e-06,10480.0,,,-1.1e-06,1.6
56,,,-1.08e-06,10480.0,,,-1.08e-06,1.4000000000000001
57,,,-1.06e-06,10480.0,,,-1.06e-06,1.2000000000000002
58,,,-1.04e-06,10480.0,,,-1.04e-06,1.4000000000000001
59,,,-1.0200000000000002e-06,10480.0,,,-1.0200000000000002e-06,1.4000000000000001
60,,,-1.0000000000000002e-06,10480.0,,,-1.0000000000000002e-06,1.2000000000000002
61,,,-9.800000000000001e-07,10480.0,,,-9.800000000000001e-07,1.4000000000000001
62,,,-9.600000000000001e-07,10480.0,,,-9.600000000000001e-07,1.2000000000000002
63,,,-9.400000000000001e-07,10480.0,,,-9.400000000000001e-07,1.4000000000000001
64,,,-9.200000000000001e-07,10480.0,,,-9.200000000000001e-07,1.2000000000000002
65,,,-9.000000000000001e-07,10480.0,,,-9.000000000000001e-07,1.6
66,,,-8.8e-07,10480.0,,,-8.8e-07,1.2000000000000002
67,,,-8.6e-07,10480.0,,,-8.6e-07,1.2000000000000002
68,,,-8.4e-07,10480.0,,,-8.4e-07,1.2000000000000002
69,,,-8.2e-07,10480.0,,,-8.2e-07,1.4000000000000001
70,,,-8.000000000000002e-07,10480.0,,,-8.000000000000002e-07,1.0
71,,,-7.800000000000002e-07,10480.0,,,-7.800000000000002e-07,1.2000000000000002
72,,,-7.600000000000001e-07,10480.0,,,-7.600000000000001e-07,1.2000000000000002
73,,,-7.400000000000001e-07,10480.0,,,-7.400000000000001e-07,1.2000000000000002
74,,,-7.200000000000001e-07,10480.0,,,-7.200000000000001e-07,1.2000000000000002
75,,,-7.000000000000001e-07,10480.0,,,-7.000000000000001e-07,1.4000000000000001
76,,,-6.800000000000001e-07,10480.0,,,-6.800000000000001e-07,1.2000000000000002
77,,,-6.6e-07,10480.0,,,-6.6e-07,1.0
78,,,-6.4e-07,10480.0,,,-6.4e-07,1.2000000000000002
79,,,-6.2e-07,10480.0,,,-6.2e-07,1.2000000000000002
80,,,-6.000000000000002e-07,10480.0,,,-6.000000000000002e-07,1.4000000000000001
81,,,-5.800000000000002e-07,10480.0,,,-5.800000000000002e-07,1.4000000000000001
82,,,-5.600000000000001e-07,10480.0,,,-5.600000000000001e-07,1.4000000000000001
83,,,-5.400000000000001e-07,10480.0,,,-5.400000000000001e-07,1.6
84,,,-5.200000000000001e-07,10480.0,,,-5.200000000000001e-07,1.6
85,,,-5.000000000000001e-07,10480.0,,,-5.000000000000001e-07,1.2000000000000002
86,,,-4.800000000000001e-07,10480.0,,,-4.800000000000001e-07,1.2000000000000002
87,,,-4.6000000000000004e-07,10480.0,,,-4.6000000000000004e-07,1.4000000000000001
88,,,-4.4e-07,10480.0,,,-4.4e-07,1.4000000000000001
89,,,-4.2e-07,10480.0,,,-4.2e-07,1.4000000000000001
90,,,-4e-07,10480.0,,,-4e-07,1.2000000000000002
91,,,-3.8000000000000017e-07,10480.0,,,-3.8000000000000017e-07,1.2000000000000002
92,,,-3.6000000000000015e-07,10480.0,,,-3.6000000000000015e-07,1.4000000000000001
93,,,-3.4000000000000013e-07,10480.0,,,-3.4000000000000013e-07,1.4000000000000001
94,,,-3.200000000000001e-07,10480.0,,,-3.200000000000001e-07,1.2000000000000002
95,,,-3.000000000000001e-07,10480.0,,,-3.000000000000001e-07,1.4000000000000001
96,,,-2.7999999999999986e-07,10480.0,,,-2.7999999999999986e-07,1.2000000000000002
97,,,-2.6000000000000005e-07,10480.0,,,-2.6000000000000005e-07,1.4000000000000001
98,,,-2.4000000000000024e-07,10480.0,,,-2.4000000000000024e-07,1.2000000000000002
99,,,-2.2e-07,10480.0,,,-2.2e-07,1.0
100,,,-2.000000000000002e-07,10480.0,,,-2.000000000000002e-07,1.4000000000000001
101,,,-1.7999999999999997e-07,10480.0,,,-1.7999999999999997e-07,1.4000000000000001
102,,,-1.6000000000000016e-07,10480.0,,,-1.6000000000000016e-07,1.2000000000000002
103,,,-1.3999999999999993e-07,10480.0,,,-1.3999999999999993e-07,1.2000000000000002
104,,,-1.2000000000000012e-07,10480.0,,,-1.2000000000000012e-07,1.4000000000000001
105,,,-9.999999999999989e-08,10480.0,,,-9.999999999999989e-08,0.8
106,,,-8.000000000000008e-08,10480.0,,,-8.000000000000008e-08,1.4000000000000001
107,,,-6.000000000000027e-08,10480.0,,,-6.000000000000027e-08,1.2000000000000002
108,,,-4.000000000000004e-08,10480.0,,,-4.000000000000004e-08,1.0
109,,,-2.0000000000000232e-08,10480.0,,,-2.0000000000000232e-08,1.4000000000000001
110,,,0.0,10480.0,,,0.0,1.4000000000000001
111,,,1.999999999999981e-08,10480.0,,,1.999999999999981e-08,1.2000000000000002
112,,,4.000000000000004e-08,10480.0,,,4.000000000000004e-08,1.2000000000000002
113,,,5.999999999999985e-08,10480.0,,,5.999999999999985e-08,1.4000000000000001
114,,,8.000000000000008e-08,10480.0,,,8.000000000000008e-08,1.0
115,,,9.999999999999989e-08,10480.0,,,9.999999999999989e-08,1.2000000000000002
116,,,1.2000000000000012e-07,10480.0,,,1.2000000000000012e-07,1.4000000000000001
117,,,1.3999999999999993e-07,10480.0,,,1.3999999999999993e-07,1.4000000000000001
118,,,1.5999999999999974e-07,10480.0,,,1.5999999999999974e-07,1.2000000000000002
119,,,1.7999999999999997e-07,10480.0,,,1.7999999999999997e-07,1.0
120,,,1.9999999999999978e-07,10480.0,,,1.9999999999999978e-07,1.2000000000000002
121,,,2.2e-07,10480.0,,,2.2e-07,1.2000000000000002
122,,,2.399999999999998e-07,10480.0,,,2.399999999999998e-07,1.2000000000000002
123,,,2.6000000000000005e-07,10480.0,,,2.6000000000000005e-07,1.4000000000000001
124,,,2.7999999999999986e-07,10480.0,,,2.7999999999999986e-07,1.0
125,,,3.000000000000001e-07,10480.0,,,3.000000000000001e-07,1.2000000000000002
126,,,3.199999999999999e-07,10480.0,,,3.199999999999999e-07,1.4000000000000001
127,,,3.4000000000000013e-07,10480.0,,,3.4000000000000013e-07,1.4000000000000001
128,,,3.5999999999999994e-07,10480.0,,,3.5999999999999994e-07,1.4000000000000001
129,,,3.7999999999999975e-07,10480.0,,,3.7999999999999975e-07,1.0
130,,,4e-07,10480.0,,,4e-07,1.4000000000000001
131,,,4.199999999999998e-07,10480.0,,,4.199999999999998e-07,1.4000000000000001
132,,,4.4e-07,10480.0,,,4.4e-07,1.4000000000000001
133,,,4.5999999999999983e-07,10480.0,,,4.5999999999999983e-07,1.2000000000000002
134,,,4.800000000000001e-07,10480.0,,,4.800000000000001e-07,1.2000000000000002
135,,,4.999999999999999e-07,10480.0,,,4.999999999999999e-07,1.4000000000000001
136,,,5.200000000000001e-07,10480.0,,,5.200000000000001e-07,1.8
137,,,5.399999999999999e-07,10480.0,,,5.399999999999999e-07,1.2000000000000002
138,,,5.600000000000001e-07,10480.0,,,5.600000000000001e-07,1.2000000000000002
139,,,5.8e-07,10480.0,,,5.8e-07,1.2000000000000002
140,,,5.999999999999998e-07,10480.0,,,5.999999999999998e-07,1.6
141,,,6.2e-07,10480.0,,,6.2e-07,1.2000000000000002
142,,,6.399999999999998e-07,10480.0,,,6.399999999999998e-07,1.2000000000000002
143,,,6.6e-07,10480.0,,,6.6e-07,1.0
144,,,6.799999999999998e-07,10480.0,,,6.799999999999998e-07,1.2000000000000002
145,,,7.000000000000001e-07,10480.0,,,7.000000000000001e-07,1.4000000000000001
146,,,7.199999999999999e-07,10480.0,,,7.199999999999999e-07,1.4000000000000001
147,,,7.400000000000001e-07,10480.0,,,7.400000000000001e-07,1.4000000000000001
148,,,7.599999999999999e-07,10480.0,,,7.599999999999999e-07,1.2000000000000002
149,,,7.800000000000002e-07,10480.0,,,7.800000000000002e-07,1.4000000000000001
150,,,8e-07,10480.0,,,8e-07,1.2000000000000002
151,,,8.199999999999998e-07,10480.0,,,8.199999999999998e-07,1.4000000000000001
152,,,8.4e-07,10480.0,,,8.4e-07,1.0
153,,,8.599999999999998e-07,10480.0,,,8.599999999999998e-07,1.4000000000000001
154,,,8.8e-07,10480.0,,,8.8e-07,1.0
155,,,8.999999999999999e-07,10480.0,,,8.999999999999999e-07,1.4000000000000001
156,,,9.200000000000001e-07,10480.0,,,9.200000000000001e-07,1.4000000000000001
157,,,9.399999999999999e-07,10480.0,,,9.399999999999999e-07,1.2000000000000002
158,,,9.600000000000001e-07,10480.0,,,9.600000000000001e-07,1.2000000000000002
159,,,9.8e-07,10480.0,,,9.8e-07,1.2000000000000002
160,,,9.999999999999997e-07,10480.0,,,9.999999999999997e-07,1.2000000000000002
161,,,1.02e-06,10480.0,,,1.02e-06,1.2000000000000002
162,,,1.0399999999999998e-06,10480.0,,,1.0399999999999998e-06,1.2000000000000002
163,,,1.06e-06,10480.0,,,1.06e-06,1.2000000000000002
164,,,1.0799999999999998e-06,10480.0,,,1.0799999999999998e-06,1.4000000000000001
165,,,1.1e-06,10480.0,,,1.1e-06,1.2000000000000002
166,,,1.1199999999999999e-06,10480.0,,,1.1199999999999999e-06,1.2000000000000002
167,,,1.14e-06,10480.0,,,1.14e-06,1.6
168,,,1.16e-06,10480.0,,,1.16e-06,1.2000000000000002
169,,,1.1800000000000001e-06,10480.0,,,1.1800000000000001e-06,1.2000000000000002
170,,,1.2e-06,10480.0,,,1.2e-06,1.2000000000000002
171,,,1.2199999999999998e-06,10480.0,,,1.2199999999999998e-06,1.0
172,,,1.24e-06,10480.0,,,1.24e-06,1.4000000000000001
173,,,1.2599999999999998e-06,10480.0,,,1.2599999999999998e-06,1.4000000000000001
174,,,1.28e-06,10480.0,,,1.28e-06,1.2000000000000002
175,,,1.2999999999999998e-06,10480.0,,,1.2999999999999998e-06,1.2000000000000002
176,,,1.32e-06,10480.0,,,1.32e-06,0.8
177,,,1.3399999999999999e-06,10480.0,,,1.3399999999999999e-06,1.2000000000000002
178,,,1.3600000000000001e-06,10480.0,,,1.3600000000000001e-06,1.2000000000000002
179,,,1.38e-06,10480.0,,,1.38e-06,1.4000000000000001
180,,,1.4000000000000001e-06,10480.0,,,1.4000000000000001e-06,1.4000000000000001
181,,,1.42e-06,10480.0,,,1.42e-06,1.2000000000000002
182,,,1.4399999999999998e-06,10480.0,,,1.4399999999999998e-06,1.6
183,,,1.46e-06,10480.0,,,1.46e-06,1.4000000000000001
184,,,1.4799999999999998e-06,10480.0,,,1.4799999999999998e-06,1.4000000000000001
185,,,1.5e-06,10480.0,,,1.5e-06,1.2000000000000002
186,,,1.5199999999999998e-06,10480.0,,,1.5199999999999998e-06,1.2000000000000002
187,,,1.54e-06,10480.0,,,1.54e-06,1.4000000000000001
188,,,1.5599999999999999e-06,10480.0,,,1.5599999999999999e-06,1.2000000000000002
189,,,1.5800000000000001e-06,10480.0,,,1.5800000000000001e-06,1.2000000000000002
190,,,1.6e-06,10480.0,,,1.6e-06,1.4000000000000001
191,,,1.6199999999999997e-06,10480.0,,,1.6199999999999997e-06,1.0
192,,,1.6400000000000004e-06,10480.0,,,1.6400000000000004e-06,1.2000000000000002
193,,,1.6600000000000002e-06,10480.0,,,1.6600000000000002e-06,1.4000000000000001
194,,,1.68e-06,10480.0,,,1.68e-06,1.4000000000000001
195,,,1.6999999999999998e-06,10480.0,,,1.6999999999999998e-06,1.0
196,,,1.7199999999999996e-06,10480.0,,,1.7199999999999996e-06,1.4000000000000001
197,,,1.7400000000000003e-06,10480.0,,,1.7400000000000003e-06,1.2000000000000002
198,,,1.76e-06,10480.0,,,1.76e-06,1.2000000000000002
199,,,1.78e-06,10480.0,,,1.78e-06,1.0
200,,,1.7999999999999997e-06,10480.0,,,1.7999999999999997e-06,1.2000000000000002
201,,,1.8200000000000004e-06,10480.0,,,1.8200000000000004e-06,1.2000000000000002
202,,,1.8400000000000002e-06,10480.0,,,1.8400000000000002e-06,1.4000000000000001
203,,,1.86e-06,10480.0,,,1.86e-06,1.4000000000000001
204,,,1.8799999999999998e-06,10480.0,,,1.8799999999999998e-06,1.2000000000000002
205,,,1.8999999999999996e-06,10480.0,,,1.8999999999999996e-06,1.2000000000000002
206,,,1.9200000000000003e-06,10480.0,,,1.9200000000000003e-06,1.2000000000000002
207,,,1.94e-06,10480.0,,,1.94e-06,1.4000000000000001
208,,,1.96e-06,10480.0,,,1.96e-06,1.4000000000000001
209,,,1.9799999999999997e-06,10480.0,,,1.9799999999999997e-06,1.2000000000000002
210,,,2.0000000000000003e-06,10480.0,,,2.0000000000000003e-06,1.2000000000000002
211,,,2.02e-06,10480.0,,,2.02e-06,1.4000000000000001
212,,,2.04e-06,10480.0,,,2.04e-06,1.2000000000000002
213,,,2.0599999999999998e-06,10480.0,,,2.0599999999999998e-06,1.0
214,,,2.0799999999999996e-06,10480.0,,,2.0799999999999996e-06,1.2000000000000002
215,,,2.1000000000000002e-06,10480.0,,,2.1000000000000002e-06,1.4000000000000001
216,,,2.12e-06,10480.0,,,2.12e-06,1.2000000000000002
217,,,2.14e-06,10480.0,,,2.14e-06,1.2000000000000002
218,,,2.1599999999999996e-06,10480.0,,,2.1599999999999996e-06,1.0
219,,,2.1800000000000003e-06,10480.0,,,2.1800000000000003e-06,1.2000000000000002
220,,,2.2e-06,10480.0,,,2.2e-06,1.4000000000000001
221,,,2.22e-06,10480.0,,,2.22e-06,1.4000000000000001
222,,,2.2399999999999997e-06,10480.0,,,2.2399999999999997e-06,1.4000000000000001
223,,,2.2600000000000004e-06,10480.0,,,2.2600000000000004e-06,1.0
224,,,2.28e-06,10480.0,,,2.28e-06,1.4000000000000001
225,,,2.3e-06,10480.0,,,2.3e-06,1.4000000000000001
226,,,2.32e-06,10480.0,,,2.32e-06,1.4000000000000001
227,,,2.3399999999999996e-06,10480.0,,,2.3399999999999996e-06,1.4000000000000001
228,,,2.3600000000000003e-06,10480.0,,,2.3600000000000003e-06,1.0
229,,,2.38e-06,10480.0,,,2.38e-06,1.4000000000000001
230,,,2.4e-06,10480.0,,,2.4e-06,1.4000000000000001
231,,,2.4199999999999997e-06,10480.0,,,2.4199999999999997e-06,1.2000000000000002
232,,,2.4400000000000004e-06,10480.0,,,2.4400000000000004e-06,1.0
233,,,2.46e-06,10480.0,,,2.46e-06,1.2000000000000002
234,,,2.48e-06,10480.0,,,2.48e-06,1.4000000000000001
235,,,2.4999999999999998e-06,10480.0,,,2.4999999999999998e-06,1.2000000000000002
236,,,2.5199999999999996e-06,10480.0,,,2.5199999999999996e-06,1.4000000000000001
237,,,2.5400000000000002e-06,10480.0,,,2.5400000000000002e-06,1.2000000000000002
238,,,2.56e-06,10480.0,,,2.56e-06,1.2000000000000002
239,,,2.58e-06,10480.0,,,2.58e-06,1.4000000000000001
240,,,2.5999999999999997e-06,10480.0,,,2.5999999999999997e-06,1.2000000000000002
241,,,2.6200000000000003e-06,10480.0,,,2.6200000000000003e-06,1.4000000000000001
242,,,2.64e-06,10480.0,,,2.64e-06,1.0
243,,,2.66e-06,10480.0,,,2.66e-06,1.2000000000000002
244,,,2.6799999999999998e-06,10480.0,,,2.6799999999999998e-06,1.4000000000000001
245,,,2.7000000000000004e-06,10480.0,,,2.7000000000000004e-06,1.4000000000000001
246,,,2.7200000000000002e-06,10480.0,,,2.7200000000000002e-06,1.0
247,,,2.74e-06,10480.0,,,2.74e-06,1.2000000000000002
248,,,2.76e-06,10480.0,,,2.76e-06,1.4000000000000001
249,,,2.7799999999999996e-06,10480.0,,,2.7799999999999996e-06,1.2000000000000002
250,,,2.8000000000000003e-06,10480.0,,,2.8000000000000003e-06,1.4000000000000001
251,,,2.82e-06,10480.0,,,2.82e-06,1.0
252,,,2.84e-06,10480.0,,,2.84e-06,1.0
253,,,2.8599999999999997e-06,10480.0,,,2.8599999999999997e-06,1.4000000000000001
254,,,2.8800000000000004e-06,10480.0,,,2.8800000000000004e-06,1.2000000000000002
255,,,2.9e-06,10480.0,,,2.9e-06,1.4000000000000001
256,,,2.92e-06,10480.0,,,2.92e-06,1.0
257,,,2.94e-06,10480.0,,,2.94e-06,1.0
258,,,2.9599999999999996e-06,10480.0,,,2.9599999999999996e-06,1.2000000000000002
259,,,2.9800000000000003e-06,10480.0,,,2.9800000000000003e-06,1.2000000000000002
260,,,3e-06,10480.0,,,3e-06,1.0
261,,,3.02e-06,10480.0,,,3.02e-06,1.2000000000000002
262,,,3.0399999999999997e-06,10480.0,,,3.0399999999999997e-06,1.2000000000000002
263,,,3.0600000000000003e-06,10480.0,,,3.0600000000000003e-06,1.4000000000000001
264,,,3.08e-06,10480.0,,,3.08e-06,1.2000000000000002
265,,,3.1e-06,10480.0,,,3.1e-06,1.0
266,,,3.1199999999999998e-06,10480.0,,,3.1199999999999998e-06,1.4000000000000001
267,,,3.1399999999999996e-06,10480.0,,,3.1399999999999996e-06,1.0
268,,,3.1600000000000002e-06,10480.0,,,3.1600000000000002e-06,1.2000000000000002
269,,,3.18e-06,10480.0,,,3.18e-06,1.2000000000000002
270,,,3.2e-06,10480.0,,,3.2e-06,1.2000000000000002
271,,,3.2199999999999997e-06,10480.0,,,3.2199999999999997e-06,1.4000000000000001
272,,,3.2400000000000003e-06,10480.0,,,3.2400000000000003e-06,1.2000000000000002
273,,,3.26e-06,10480.0,,,3.26e-06,1.2000000000000002
274,,,3.28e-06,10480.0,,,3.28e-06,1.2000000000000002
275,,,3.2999999999999997e-06,10480.0,,,3.2999999999999997e-06,0.8
276,,,3.3200000000000004e-06,10480.0,,,3.3200000000000004e-06,1.2000000000000002
277,,,3.34e-06,10480.0,,,3.34e-06,1.2000000000000002
278,,,3.36e-06,10480.0,,,3.36e-06,1.2000000000000002
279,,,3.38e-06,10480.0,,,3.38e-06,1.2000000000000002
280,,,3.3999999999999996e-06,10480.0,,,3.3999999999999996e-06,0.8
281,,,3.4200000000000003e-06,10480.0,,,3.4200000000000003e-06,1.2000000000000002
282,,,3.44e-06,10480.0,,,3.44e-06,1.2000000000000002
283,,,3.46e-06,10480.0,,,3.46e-06,1.6
284,,,3.4799999999999997e-06,10480.0,,,3.4799999999999997e-06,1.2000000000000002
285,,,3.5000000000000004e-06,10520.0,,,3.5000000000000004e-06,1.2000000000000002
286,,,3.52e-06,10500.0,,,3.52e-06,1.2000000000000002
287,,,3.54e-06,10480.0,,,3.54e-06,1.4000000000000001
288,,,3.56e-06,10520.0,,,3.56e-06,1.2000000000000002
289,,,3.5799999999999996e-06,10520.0,,,3.5799999999999996e-06,1.2000000000000002
290,,,3.6000000000000003e-06,10540.0,,,3.6000000000000003e-06,1.2000000000000002
291,,,3.62e-06,10540.0,,,3.62e-06,1.2000000000000002
292,,,3.64e-06,10540.0,,,3.64e-06,1.0
293,,,3.6599999999999997e-06,10540.0,,,3.6599999999999997e-06,1.2000000000000002
294,,,3.6800000000000003e-06,10560.0,,,3.6800000000000003e-06,1.2000000000000002
295,,,3.7e-06,10580.0,,,3.7e-06,1.2000000000000002
296,,,3.72e-06,10580.0,,,3.72e-06,1.4000000000000001
297,,,3.7399999999999998e-06,10580.0,,,3.7399999999999998e-06,1.2000000000000002
298,,,3.7600000000000004e-06,10600.0,,,3.7600000000000004e-06,1.0
299,,,3.7800000000000002e-06,10620.0,,,3.7800000000000002e-06,1.2000000000000002
300,,,3.8e-06,10620.0,,,3.8e-06,1.2000000000000002
301,,,3.82e-06,10580.0,,,3.82e-06,1.6
302,,,3.84e-06,10620.0,,,3.84e-06,1.2000000000000002
303,,,3.86e-06,10620.0,,,3.86e-06,1.0
304,,,3.88e-06,10640.0,,,3.88e-06,1.2000000000000002
305,,,3.9e-06,10660.0,,,3.9e-06,1.4000000000000001
306,,,3.92e-06,10660.0,,,3.92e-06,1.4000000000000001
307,,,3.94e-06,10660.0,,,3.94e-06,1.0
308,,,3.96e-06,10660.0,,,3.96e-06,1.0
309,,,3.98e-06,10680.0,,,3.98e-06,1.2000000000000002
310,,,4e-06,10680.0,,,4e-06,1.2000000000000002
311,,,4.02e-06,10680.0,,,4.02e-06,1.4000000000000001
312,,,4.04e-06,10700.0,,,4.04e-06,1.0
313,,,4.06e-06,10700.0,,,4.06e-06,1.4000000000000001
314,,,4.08e-06,10700.0,,,4.08e-06,1.4000000000000001
315,,,4.1e-06,10680.0,,,4.1e-06,1.4000000000000001
316,,,4.12e-06,10720.0,,,4.12e-06,1.2000000000000002
317,,,4.14e-06,10740.0,,,4.14e-06,1.2000000000000002
318,,,4.16e-06,10740.0,,,4.16e-06,1.4000000000000001
319,,,4.18e-06,10760.0,,,4.18e-06,1.2000000000000002
320,,,4.2e-06,10740.0,,,4.2e-06,1.2000000000000002
321,,,4.22e-06,10740.0,,,4.22e-06,1.2000000000000002
322,,,4.24e-06,10760.0,,,4.24e-06,1.0
323,,,4.26e-06,10780.0,,,4.26e-06,1.2000000000000002
324,,,4.28e-06,10780.0,,,4.28e-06,1.0
325,,,4.3e-06,10800.0,,,4.3e-06,1.4000000000000001
326,,,4.32e-06,10820.0,,,4.32e-06,1.4000000000000001
327,,,4.34e-06,10800.0,,,4.34e-06,1.0
328,,,4.36e-06,10820.0,,,4.36e-06,1.0
329,,,4.38e-06,10820.0,,,4.38e-06,1.2000000000000002
330,,,4.4e-06,10820.0,,,4.4e-06,1.2000000000000002
331,,,4.42e-06,10820.0,,,4.42e-06,1.2000000000000002
332,,,4.44e-06,10860.0,,,4.44e-06,1.2000000000000002
333,,,4.46e-06,10840.0,,,4.46e-06,1.2000000000000002
334,,,4.48e-06,10840.0,,,4.48e-06,1.4000000000000001
335,,,4.5e-06,10860.0,,,4.5e-06,1.4000000000000001
336,,,4.52e-06,10860.0,,,4.52e-06,1.0
337,,,4.54e-06,10880.0,,,4.54e-06,1.2000000000000002
338,,,4.56e-06,10900.0,,,4.56e-06,1.2000000000000002
339,,,4.58e-06,10900.0,,,4.58e-06,1.2000000000000002
340,,,4.6e-06,10920.0,,,4.6e-06,1.4000000000000001
341,,,4.62e-06,10900.0,,,4.62e-06,1.0
342,,,4.64e-06,10940.0,,,4.64e-06,1.4000000000000001
343,,,4.66e-06,10900.0,,,4.66e-06,1.2000000000000002
344,,,4.68e-06,10920.0,,,4.68e-06,1.0
345,,,4.7e-06,10940.0,,,4.7e-06,1.2000000000000002
346,,,4.72e-06,10960.0,,,4.72e-06,1.4000000000000001
347,,,4.74e-06,10960.0,,,4.74e-06,1.0
348,,,4.76e-06,10960.0,,,4.76e-06,1.4000000000000001
349,,,4.78e-06,10980.0,,,4.78e-06,1.0
350,,,4.8e-06,10960.0,,,4.8e-06,1.2000000000000002
351,,,4.8200000000000004e-06,10980.0,,,4.8200000000000004e-06,1.2000000000000002
352,,,4.84e-06,10960.0,,,4.84e-06,1.4000000000000001
353,,,4.86e-06,11000.0,,,4.86e-06,1.2000000000000002
354,,,4.88e-06,11000.0,,,4.88e-06,1.4000000000000001
355,,,4.9e-06,10960.0,,,4.9e-06,1.0
356,,,4.92e-06,11020.0,,,4.92e-06,1.4000000000000001
357,,,4.94e-06,11020.0,,,4.94e-06,1.4000000000000001
358,,,4.96e-06,11020.0,,,4.96e-06,1.0
359,,,4.98e-06,11020.0,,,4.98e-06,1.2000000000000002
360,,,5e-06,11060.0,,,5e-06,1.2000000000000002
361,,,5.02e-06,11060.0,,,5.02e-06,1.2000000000000002
362,,,5.04e-06,11040.0,,,5.04e-06,1.2000000000000002
363,,,5.06e-06,11080.0,,,5.06e-06,1.2000000000000002
364,,,5.08e-06,11100.0,,,5.08e-06,1.2000000000000002
365,,,5.1e-06,11080.0,,,5.1e-06,1.2000000000000002
366,,,5.12e-06,11120.0,,,5.12e-06,1.4000000000000001
367,,,5.14e-06,11100.0,,,5.14e-06,1.2000000000000002
368,,,5.16e-06,11120.0,,,5.16e-06,1.2000000000000002
369,,,5.18e-06,11120.0,,,5.18e-06,1.0
370,,,5.2e-06,11120.0,,,5.2e-06,1.4000000000000001
371,,,5.22e-06,11120.0,,,5.22e-06,1.2000000000000002
372,,,5.24e-06,11120.0,,,5.24e-06,1.2000000000000002
373,,,5.2600000000000005e-06,11160.0,,,5.2600000000000005e-06,1.2000000000000002
374,,,5.28e-06,11160.0,,,5.28e-06,0.8
375,,,5.3e-06,11160.0,,,5.3e-06,1.2000000000000002
376,,,5.32e-06,11160.0,,,5.32e-06,1.2000000000000002
377,,,5.34e-06,11160.0,,,5.34e-06,1.4000000000000001
378,,,5.36e-06,11160.0,,,5.36e-06,1.0
379,,,5.38e-06,11200.0,,,5.38e-06,1.4000000000000001
380,,,5.4e-06,11180.0,,,5.4e-06,1.2000000000000002
381,,,5.42e-06,11180.0,,,5.42e-06,1.4000000000000001
382,,,5.44e-06,11220.0,,,5.44e-06,1.4000000000000001
383,,,5.459999999999999e-06,11200.0,,,5.459999999999999e-06,1.0
384,,,5.480000000000001e-06,11220.0,,,5.480000000000001e-06,1.2000000000000002
385,,,5.500000000000001e-06,11220.0,,,5.500000000000001e-06,1.4000000000000001
386,,,5.5200000000000005e-06,11220.0,,,5.5200000000000005e-06,1.2000000000000002
387,,,5.54e-06,11260.0,,,5.54e-06,1.2000000000000002
388,,,5.56e-06,11260.0,,,5.56e-06,1.4000000000000001
389,,,5.58e-06,11260.0,,,5.58e-06,1.2000000000000002
390,,,5.6e-06,11260.0,,,5.6e-06,1.4000000000000001
391,,,5.6199999999999996e-06,11280.0,,,5.6199999999999996e-06,1.0
392,,,5.639999999999999e-06,11280.0,,,5.639999999999999e-06,1.2000000000000002
393,,,5.660000000000001e-06,11300.0,,,5.660000000000001e-06,1.2000000000000002
394,,,5.680000000000001e-06,11280.0,,,5.680000000000001e-06,1.2000000000000002
395,,,5.7000000000000005e-06,11300.0,,,5.7000000000000005e-06,1.4000000000000001
396,,,5.72e-06,11320.0,,,5.72e-06,1.0
397,,,5.74e-06,11320.0,,,5.74e-06,1.0
398,,,5.76e-06,11340.0,,,5.76e-06,1.2000000000000002
399,,,5.78e-06,11300.0,,,5.78e-06,1.2000000000000002
400,,,5.7999999999999995e-06,11320.0,,,5.7999999999999995e-06,1.0
401,,,5.819999999999999e-06,11360.0,,,5.819999999999999e-06,1.2000000000000002
402,,,5.840000000000001e-06,11360.0,,,5.840000000000001e-06,1.0
403,,,5.860000000000001e-06,11360.0,,,5.860000000000001e-06,1.2000000000000002
404,,,5.8800000000000005e-06,11360.0,,,5.8800000000000005e-06,1.0
405,,,5.9e-06,11380.0,,,5.9e-06,1.2000000000000002
406,,,5.92e-06,11360.0,,,5.92e-06,1.2000000000000002
407,,,5.94e-06,11380.0,,,5.94e-06,1.2000000000000002
408,,,5.96e-06,11380.0,,,5.96e-06,1.2000000000000002
409,,,5.9799999999999995e-06,11400.0,,,5.9799999999999995e-06,1.4000000000000001
410,,,5.999999999999999e-06,11400.0,,,5.999999999999999e-06,1.4000000000000001
411,,,6.020000000000001e-06,11400.0,,,6.020000000000001e-06,1.0
412,,,6.040000000000001e-06,11400.0,,,6.040000000000001e-06,1.0
413,,,6.0600000000000004e-06,11420.0,,,6.0600000000000004e-06,1.0
414,,,6.08e-06,11400.0,,,6.08e-06,1.2000000000000002
415,,,6.1e-06,11460.0,,,6.1e-06,1.2000000000000002
416,,,6.12e-06,11440.0,,,6.12e-06,0.8
417,,,6.14e-06,11460.0,,,6.14e-06,1.2000000000000002
418,,,6.1599999999999995e-06,11460.0,,,6.1599999999999995e-06,1.2000000000000002
419,,,6.179999999999999e-06,11480.0,,,6.179999999999999e-06,1.2000000000000002
420,,,6.200000000000001e-06,11460.0,,,6.200000000000001e-06,1.0
421,,,6.220000000000001e-06,11480.0,,,6.220000000000001e-06,0.8
422,,,6.24e-06,11460.0,,,6.24e-06,1.2000000000000002
423,,,6.26e-06,11500.0,,,6.26e-06,1.2000000000000002
424,,,6.28e-06,11520.0,,,6.28e-06,1.2000000000000002
425,,,6.3e-06,11500.0,,,6.3e-06,1.2000000000000002
426,,,6.32e-06,11500.0,,,6.32e-06,1.2000000000000002
427,,,6.3399999999999994e-06,11520.0,,,6.3399999999999994e-06,1.2000000000000002
428,,,6.359999999999999e-06,11500.0,,,6.359999999999999e-06,1.2000000000000002
429,,,6.380000000000001e-06,11520.0,,,6.380000000000001e-06,1.0
430,,,6.4000000000000006e-06,11520.0,,,6.4000000000000006e-06,1.0
431,,,6.42e-06,11540.0,,,6.42e-06,1.4000000000000001
432,,,6.44e-06,11560.0,,,6.44e-06,1.4000000000000001
433,,,6.46e-06,11560.0,,,6.46e-06,1.2000000000000002
434,,,6.48e-06,11580.0,,,6.48e-06,1.2000000000000002
435,,,6.5e-06,11560.0,,,6.5e-06,1.4000000000000001
436,,,6.519999999999999e-06,11560.0,,,6.519999999999999e-06,1.2000000000000002
437,,,6.540000000000001e-06,11600.0,,,6.540000000000001e-06,1.2000000000000002
438,,,6.560000000000001e-06,11600.0,,,6.560000000000001e-06,1.0
439,,,6.5800000000000005e-06,11580.0,,,6.5800000000000005e-06,1.4000000000000001
440,,,6.6e-06,11620.0,,,6.6e-06,1.4000000000000001
441,,,6.62e-06,11600.0,,,6.62e-06,1.2000000000000002
442,,,6.64e-06,11620.0,,,6.64e-06,1.4000000000000001
443,,,6.66e-06,11640.0,,,6.66e-06,1.0
444,,,6.6799999999999996e-06,11620.0,,,6.6799999999999996e-06,1.0
445,,,6.699999999999999e-06,11640.0,,,6.699999999999999e-06,0.8
446,,,6.720000000000001e-06,11640.0,,,6.720000000000001e-06,1.6
447,,,6.740000000000001e-06,11660.0,,,6.740000000000001e-06,1.2000000000000002
448,,,6.7600000000000005e-06,11660.0,,,6.7600000000000005e-06,1.0
449,,,6.78e-06,11660.0,,,6.78e-06,1.0
450,,,6.8e-06,11660.0,,,6.8e-06,1.2000000000000002
451,,,6.82e-06,11660.0,,,6.82e-06,1.0
452,,,6.84e-06,11680.0,,,6.84e-06,1.2000000000000002
453,,,6.8599999999999995e-06,11680.0,,,6.8599999999999995e-06,1.2000000000000002
454,,,6.879999999999999e-06,11700.0,,,6.879999999999999e-06,1.0
455,,,6.900000000000001e-06,11700.0,,,6.900000000000001e-06,1.2000000000000002
456,,,6.920000000000001e-06,11720.0,,,6.920000000000001e-06,1.2000000000000002
457,,,6.9400000000000005e-06,11740.0,,,6.9400000000000005e-06,1.4000000000000001
458,,,6.96e-06,11720.0,,,6.96e-06,0.8
459,,,6.98e-06,11740.0,,,6.98e-06,1.0
460,,,7e-06,11760.0,,,7e-06,1.2000000000000002
461,,,7.02e-06,11740.0,,,7.02e-06,1.2000000000000002
462,,,7.0399999999999995e-06,11740.0,,,7.0399999999999995e-06,1.4000000000000001
463,,,7.059999999999999e-06,11760.0,,,7.059999999999999e-06,1.0
464,,,7.080000000000001e-06,11800.0,,,7.080000000000001e-06,1.2000000000000002
465,,,7.100000000000001e-06,11780.0,,,7.100000000000001e-06,1.0
466,,,7.1200000000000004e-06,11760.0,,,7.1200000000000004e-06,1.0
467,,,7.14e-06,11780.0,,,7.14e-06,1.0
468,,,7.16e-06,11780.0,,,7.16e-06,0.8
469,,,7.18e-06,11800.0,,,7.18e-06,1.2000000000000002
470,,,7.2e-06,11780.0,,,7.2e-06,1.2000000000000002
471,,,7.2199999999999995e-06,11800.0,,,7.2199999999999995e-06,1.4000000000000001
472,,,7.239999999999999e-06,11820.0,,,7.239999999999999e-06,1.2000000000000002
473,,,7.260000000000001e-06,11840.0,,,7.260000000000001e-06,0.6000000000000001
474,,,7.280000000000001e-06,11840.0,,,7.280000000000001e-06,1.0
475,,,7.3e-06,11820.0,,,7.3e-06,1.0
476,,,7.32e-06,11840.0,,,7.32e-06,1.2000000000000002
477,,,7.34e-06,11860.0,,,7.34e-06,1.0
478,,,7.36e-06,11840.0,,,7.36e-06,1.0
479,,,7.38e-06,11860.0,,,7.38e-06,1.0
480,,,7.3999999999999995e-06,11840.0,,,7.3999999999999995e-06,1.0
481,,,7.419999999999999e-06,11880.0,,,7.419999999999999e-06,1.0
482,,,7.440000000000001e-06,11880.0,,,7.440000000000001e-06,1.0
483,,,7.4600000000000006e-06,11900.0,,,7.4600000000000006e-06,1.2000000000000002
484,,,7.48e-06,11900.0,,,7.48e-06,1.0
485,,,7.5e-06,11920.0,,,7.5e-06,1.4000000000000001
486,,,7.52e-06,11900.0,,,7.52e-06,1.0
487,,,7.54e-06,11940.0,,,7.54e-06,1.2000000000000002
488,,,7.56e-06,11940.0,,,7.56e-06,1.0
489,,,7.5799999999999994e-06,11940.0,,,7.5799999999999994e-06,1.6
490,,,7.600000000000001e-06,11940.0,,,7.600000000000001e-06,1.2000000000000002
491,,,7.620000000000001e-06,11940.0,,,7.620000000000001e-06,1.2000000000000002
492,,,7.640000000000001e-06,11920.0,,,7.640000000000001e-06,1.2000000000000002
493,,,7.660000000000001e-06,11960.0,,,7.660000000000001e-06,1.0
494,,,7.680000000000001e-06,11940.0,,,7.680000000000001e-06,1.0
495,,,7.7e-06,11960.0,,,7.7e-06,0.8
496,,,7.72e-06,11980.0,,,7.72e-06,1.0
497,,,7.74e-06,12000.0,,,7.74e-06,1.2000000000000002
498,,,7.76e-06,11960.0,,,7.76e-06,0.8
499,,,7.78e-06,11960.0,,,7.78e-06,1.2000000000000002
500,,,7.8e-06,12000.0,,,7.8e-06,1.2000000000000002
501,,,7.82e-06,12000.0,,,7.82e-06,1.0
502,,,7.84e-06,12020.0,,,7.84e-06,1.0
503,,,7.86e-06,12020.0,,,7.86e-06,1.2000000000000002
504,,,7.879999999999999e-06,12020.0,,,7.879999999999999e-06,1.0
505,,,7.899999999999999e-06,12040.0,,,7.899999999999999e-06,1.0
506,,,7.919999999999999e-06,12040.0,,,7.919999999999999e-06,1.2000000000000002
507,,,7.939999999999999e-06,12040.0,,,7.939999999999999e-06,1.0
508,,,7.960000000000002e-06,12060.0,,,7.960000000000002e-06,1.0
509,,,7.980000000000002e-06,12060.0,,,7.980000000000002e-06,1.2000000000000002
510,,,8.000000000000001e-06,12080.0,,,8.000000000000001e-06,1.0
511,,,8.020000000000001e-06,12080.0,,,8.020000000000001e-06,1.0
512,,,8.040000000000001e-06,12080.0,,,8.040000000000001e-06,1.2000000000000002
513,,,8.06e-06,12080.0,,,8.06e-06,1.2000000000000002
514,,,8.08e-06,12100.0,,,8.08e-06,1.0
515,,,8.1e-06,12100.0,,,8.1e-06,0.8
516,,,8.12e-06,12100.0,,,8.12e-06,1.0
517,,,8.14e-06,12120.0,,,8.14e-06,1.0
518,,,8.16e-06,12120.0,,,8.16e-06,1.2000000000000002
519,,,8.18e-06,12140.0,,,8.18e-06,1.2000000000000002
520,,,8.2e-06,12140.0,,,8.2e-06,0.8
521,,,8.22e-06,12120.0,,,8.22e-06,1.0
522,,,8.239999999999999e-06,12140.0,,,8.239999999999999e-06,1.2000000000000002
523,,,8.259999999999999e-06,12160.0,,,8.259999999999999e-06,1.0
524,,,8.279999999999999e-06,12160.0,,,8.279999999999999e-06,1.2000000000000002
525,,,8.299999999999998e-06,12160.0,,,8.299999999999998e-06,1.2000000000000002
526,,,8.320000000000002e-06,12180.0,,,8.320000000000002e-06,0.8
527,,,8.340000000000001e-06,12180.0,,,8.340000000000001e-06,1.0
528,,,8.360000000000001e-06,12160.0,,,8.360000000000001e-06,1.0
529,,,8.380000000000001e-06,12180.0,,,8.380000000000001e-06,1.0
530,,,8.400000000000001e-06,12200.0,,,8.400000000000001e-06,1.2000000000000002
531,,,8.42e-06,12220.0,,,8.42e-06,1.0
532,,,8.44e-06,12220.0,,,8.44e-06,1.2000000000000002
533,,,8.46e-06,12220.0,,,8.46e-06,1.0
534,,,8.48e-06,12220.0,,,8.48e-06,1.0
535,,,8.5e-06,12200.0,,,8.5e-06,1.0
536,,,8.52e-06,12260.0,,,8.52e-06,1.2000000000000002
537,,,8.54e-06,12240.0,,,8.54e-06,1.2000000000000002
538,,,8.56e-06,12260.0,,,8.56e-06,2.0
539,,,8.58e-06,12260.0,,,8.58e-06,2.8000000000000003
540,,,8.599999999999999e-06,12240.0,,,8.599999999999999e-06,2.2
541,,,8.619999999999999e-06,12240.0,,,8.619999999999999e-06,4.0
542,,,8.639999999999999e-06,12260.0,,,8.639999999999999e-06,2.6
543,,,8.660000000000002e-06,12260.0,,,8.660000000000002e-06,3.4000000000000004
544,,,8.680000000000002e-06,12240.0,,,8.680000000000002e-06,2.4000000000000004
545,,,8.700000000000001e-06,12260.0,,,8.700000000000001e-06,2.2
546,,,8.720000000000001e-06,12240.0,,,8.720000000000001e-06,1.2000000000000002
547,,,8.740000000000001e-06,12260.0,,,8.740000000000001e-06,1.0
548,,,8.76e-06,12280.0,,,8.76e-06,1.2000000000000002
549,,,8.78e-06,12300.0,,,8.78e-06,1.4000000000000001
550,,,8.8e-06,12280.0,,,8.8e-06,1.2000000000000002
551,,,8.82e-06,12300.0,,,8.82e-06,1.0
552,,,8.84e-06,12320.0,,,8.84e-06,1.0
553,,,8.86e-06,12280.0,,,8.86e-06,1.0
554,,,8.88e-06,12300.0,,,8.88e-06,1.2000000000000002
555,,,8.9e-06,12320.0,,,8.9e-06,1.0
556,,,8.92e-06,12360.0,,,8.92e-06,1.2000000000000002
557,,,8.939999999999999e-06,12360.0,,,8.939999999999999e-06,1.0
558,,,8.959999999999999e-06,12340.0,,,8.959999999999999e-06,1.4000000000000001
559,,,8.979999999999999e-06,12360.0,,,8.979999999999999e-06,1.0
560,,,8.999999999999999e-06,12360.0,,,8.999999999999999e-06,1.0
561,,,9.020000000000002e-06,12360.0,,,9.020000000000002e-06,1.0
562,,,9.040000000000002e-06,12360.0,,,9.040000000000002e-06,1.0
563,,,9.060000000000001e-06,12400.0,,,9.060000000000001e-06,1.2000000000000002
564,,,9.080000000000001e-06,12400.0,,,9.080000000000001e-06,1.0
565,,,9.100000000000001e-06,12380.0,,,9.100000000000001e-06,1.2000000000000002
566,,,9.12e-06,12360.0,,,9.12e-06,1.0
567,,,9.14e-06,12380.0,,,9.14e-06,0.8
568,,,9.16e-06,12400.0,,,9.16e-06,1.2000000000000002
569,,,9.18e-06,12400.0,,,9.18e-06,1.2000000000000002
570,,,9.2e-06,12420.0,,,9.2e-06,1.2000000000000002
571,,,9.22e-06,12440.0,,,9.22e-06,1.4000000000000001
572,,,9.24e-06,12440.0,,,9.24e-06,0.8
573,,,9.26e-06,12440.0,,,9.26e-06,0.8
574,,,9.28e-06,12440.0,,,9.28e-06,1.2000000000000002
575,,,9.299999999999999e-06,12440.0,,,9.299999999999999e-06,1.0
576,,,9.319999999999999e-06,12460.0,,,9.319999999999999e-06,1.0
577,,,9.339999999999999e-06,12440.0,,,9.339999999999999e-06,0.8
578,,,9.359999999999998e-06,12440.0,,,9.359999999999998e-06,1.0
579,,,9.380000000000002e-06,12460.0,,,9.380000000000002e-06,1.2000000000000002
580,,,9.400000000000001e-06,12460.0,,,9.400000000000001e-06,1.0
581,,,9.420000000000001e-06,12500.0,,,9.420000000000001e-06,1.0
582,,,9.440000000000001e-06,12480.0,,,9.440000000000001e-06,1.0
583,,,9.460000000000001e-06,12460.0,,,9.460000000000001e-06,1.0
584,,,9.48e-06,12500.0,,,9.48e-06,1.2000000000000002
585,,,9.5e-06,12520.0,,,9.5e-06,1.0
586,,,9.52e-06,12540.0,,,9.52e-06,1.2000000000000002
587,,,9.54e-06,12540.0,,,9.54e-06,1.0
588,,,9.56e-06,12520.0,,,9.56e-06,0.8
589,,,9.58e-06,12540.0,,,9.58e-06,1.2000000000000002
590,,,9.6e-06,12520.0,,,9.6e-06,1.2000000000000002
591,,,9.62e-06,12520.0,,,9.62e-06,1.2000000000000002
592,,,9.64e-06,12560.0,,,9.64e-06,1.2000000000000002
593,,,9.659999999999999e-06,12540.0,,,9.659999999999999e-06,1.0
594,,,9.679999999999999e-06,12540.0,,,9.679999999999999e-06,1.2000000000000002
595,,,9.699999999999999e-06,12560.0,,,9.699999999999999e-06,1.2000000000000002
596,,,9.720000000000002e-06,12580.0,,,9.720000000000002e-06,0.8
597,,,9.740000000000002e-06,12560.0,,,9.740000000000002e-06,1.0
598,,,9.760000000000001e-06,12560.0,,,9.760000000000001e-06,1.2000000000000002
599,,,9.780000000000001e-06,12600.0,,,9.780000000000001e-06,1.2000000000000002
600,,,9.800000000000001e-06,12580.0,,,9.800000000000001e-06,1.0
601,,,9.820000000000001e-06,12600.0,,,9.820000000000001e-06,1.2000000000000002
602,,,9.84e-06,12580.0,,,9.84e-06,0.8
603,,,9.86e-06,12620.0,,,9.86e-06,1.0
604,,,9.88e-06,12620.0,,,9.88e-06,0.8
605,,,9.9e-06,12660.0,,,9.9e-06,1.2000000000000002
606,,,9.92e-06,12640.0,,,9.92e-06,1.0
607,,,9.94e-06,12640.0,,,9.94e-06,0.8
608,,,9.96e-06,12660.0,,,9.96e-06,1.0
609,,,9.98e-06,12660.0,,,9.98e-06,0.8
610,,,9.999999999999999e-06,12660.0,,,9.999999999999999e-06,1.0
611,,,1.0019999999999999e-05,12660.0,,,1.0019999999999999e-05,0.8
612,,,1.0039999999999999e-05,12660.0,,,1.0039999999999999e-05,1.2000000000000002
613,,,1.0059999999999999e-05,12680.0,,,1.0059999999999999e-05,1.2000000000000002
614,,,1.0080000000000002e-05,12700.0,,,1.0080000000000002e-05,1.0
615,,,1.0100000000000002e-05,12700.0,,,1.0100000000000002e-05,1.0
616,,,1.0120000000000001e-05,12680.0,,,1.0120000000000001e-05,1.0
617,,,1.0140000000000001e-05,12680.0,,,1.0140000000000001e-05,1.2000000000000002
618,,,1.0160000000000001e-05,12700.0,,,1.0160000000000001e-05,1.0
619,,,1.018e-05,12700.0,,,1.018e-05,0.6000000000000001
620,,,1.02e-05,12700.0,,,1.02e-05,1.0
621,,,1.022e-05,12720.0,,,1.022e-05,1.2000000000000002
622,,,1.024e-05,12720.0,,,1.024e-05,1.0
623,,,1.026e-05,12740.0,,,1.026e-05,1.0
624,,,1.028e-05,12720.0,,,1.028e-05,1.0
625,,,1.03e-05,12760.0,,,1.03e-05,1.0
626,,,1.032e-05,12740.0,,,1.032e-05,1.0
627,,,1.034e-05,12740.0,,,1.034e-05,1.0
628,,,1.0359999999999999e-05,12760.0,,,1.0359999999999999e-05,1.2000000000000002
629,,,1.0379999999999999e-05,12800.0,,,1.0379999999999999e-05,1.0
630,,,1.0399999999999999e-05,12760.0,,,1.0399999999999999e-05,1.2000000000000002
631,,,1.0419999999999998e-05,12780.0,,,1.0419999999999998e-05,0.8
632,,,1.0440000000000002e-05,12800.0,,,1.0440000000000002e-05,1.0
633,,,1.0460000000000001e-05,12760.0,,,1.0460000000000001e-05,1.0
634,,,1.0480000000000001e-05,12780.0,,,1.0480000000000001e-05,0.8
635,,,1.0500000000000001e-05,12820.0,,,1.0500000000000001e-05,1.2000000000000002
636,,,1.0520000000000001e-05,12800.0,,,1.0520000000000001e-05,1.2000000000000002
637,,,1.054e-05,12820.0,,,1.054e-05,1.2000000000000002
638,,,1.056e-05,12820.0,,,1.056e-05,1.0
639,,,1.058e-05,12800.0,,,1.058e-05,1.0
640,,,1.06e-05,12820.0,,,1.06e-05,1.2000000000000002
641,,,1.062e-05,12840.0,,,1.062e-05,0.8
642,,,1.064e-05,12860.0,,,1.064e-05,1.0
643,,,1.066e-05,12840.0,,,1.066e-05,1.2000000000000002
644,,,1.068e-05,12840.0,,,1.068e-05,1.0
645,,,1.07e-05,12860.0,,,1.07e-05,1.2000000000000002
646,,,1.0719999999999999e-05,12860.0,,,1.0719999999999999e-05,1.0
647,,,1.0739999999999999e-05,12860.0,,,1.0739999999999999e-05,0.8
648,,,1.0759999999999999e-05,12880.0,,,1.0759999999999999e-05,1.0
649,,,1.0780000000000002e-05,12880.0,,,1.0780000000000002e-05,1.0
650,,,1.0800000000000002e-05,12860.0,,,1.0800000000000002e-05,1.0
651,,,1.0820000000000001e-05,12880.0,,,1.0820000000000001e-05,1.2000000000000002
652,,,1.0840000000000001e-05,12900.0,,,1.0840000000000001e-05,1.0
653,,,1.0860000000000001e-05,12880.0,,,1.0860000000000001e-05,1.2000000000000002
654,,,1.0880000000000001e-05,12920.0,,,1.0880000000000001e-05,1.0
655,,,1.09e-05,12900.0,,,1.09e-05,1.2000000000000002
656,,,1.092e-05,12920.0,,,1.092e-05,0.8
657,,,1.094e-05,12920.0,,,1.094e-05,1.0
658,,,1.096e-05,12940.0,,,1.096e-05,1.2000000000000002
659,,,1.098e-05,12940.0,,,1.098e-05,1.2000000000000002
660,,,1.1e-05,12960.0,,,1.1e-05,1.0
661,,,1.102e-05,12940.0,,,1.102e-05,0.8
662,,,1.104e-05,12940.0,,,1.104e-05,1.0
663,,,1.1059999999999999e-05,12960.0,,,1.1059999999999999e-05,1.0
664,,,1.1079999999999999e-05,12940.0,,,1.1079999999999999e-05,1.2000000000000002
665,,,1.1099999999999999e-05,12940.0,,,1.1099999999999999e-05,1.0
666,,,1.1119999999999999e-05,12960.0,,,1.1119999999999999e-05,1.0
667,,,1.1140000000000002e-05,12960.0,,,1.1140000000000002e-05,1.2000000000000002
668,,,1.1160000000000002e-05,12980.0,,,1.1160000000000002e-05,1.2000000000000002
669,,,1.1180000000000001e-05,12980.0,,,1.1180000000000001e-05,1.0
670,,,1.1200000000000001e-05,12980.0,,,1.1200000000000001e-05,0.8
671,,,1.1220000000000001e-05,12980.0,,,1.1220000000000001e-05,0.6000000000000001
672,,,1.124e-05,13000.0,,,1.124e-05,0.8
673,,,1.126e-05,13000.0,,,1.126e-05,1.0
674,,,1.128e-05,13000.0,,,1.128e-05,1.0
675,,,1.13e-05,13000.0,,,1.13e-05,1.0
676,,,1.132e-05,13020.0,,,1.132e-05,1.0
677,,,1.134e-05,13000.0,,,1.134e-05,1.2000000000000002
678,,,1.136e-05,13040.0,,,1.136e-05,0.8
679,,,1.138e-05,13040.0,,,1.138e-05,1.2000000000000002
680,,,1.14e-05,13040.0,,,1.14e-05,0.8
681,,,1.1419999999999999e-05,13040.0,,,1.1419999999999999e-05,1.0
682,,,1.1439999999999999e-05,13060.0,,,1.1439999999999999e-05,1.0
683,,,1.1459999999999999e-05,13040.0,,,1.1459999999999999e-05,1.2000000000000002
684,,,1.1479999999999999e-05,13060.0,,,1.1479999999999999e-05,0.8
685,,,1.1500000000000002e-05,13060.0,,,1.1500000000000002e-05,1.2000000000000002
686,,,1.1520000000000002e-05,13060.0,,,1.1520000000000002e-05,1.2000000000000002
687,,,1.1540000000000001e-05,13060.0,,,1.1540000000000001e-05,0.8
688,,,1.1560000000000001e-05,13100.0,,,1.1560000000000001e-05,1.0
689,,,1.1580000000000001e-05,13080.0,,,1.1580000000000001e-05,1.0
690,,,1.16e-05,13100.0,,,1.16e-05,1.0
691,,,1.162e-05,13080.0,,,1.162e-05,1.0
692,,,1.164e-05,13120.0,,,1.164e-05,1.0
693,,,1.166e-05,13100.0,,,1.166e-05,1.0
694,,,1.168e-05,13100.0,,,1.168e-05,1.2000000000000002
695,,,1.17e-05,13100.0,,,1.17e-05,1.8
696,,,1.172e-05,13120.0,,,1.172e-05,3.8000000000000003
697,,,1.174e-05,13120.0,,,1.174e-05,3.0
698,,,1.176e-05,13120.0,,,1.176e-05,3.6
699,,,1.1779999999999999e-05,13120.0,,,1.1779999999999999e-05,2.2
700,,,1.1799999999999999e-05,13120.0,,,1.1799999999999999e-05,2.8000000000000003
701,,,1.1819999999999999e-05,13140.0,,,1.1819999999999999e-05,3.8000000000000003
702,,,1.1840000000000002e-05,13140.0,,,1.1840000000000002e-05,2.0
703,,,1.1860000000000002e-05,13140.0,,,1.1860000000000002e-05,1.8
704,,,1.1880000000000001e-05,13140.0,,,1.1880000000000001e-05,1.6
705,,,1.1900000000000001e-05,13160.0,,,1.1900000000000001e-05,1.4000000000000001
706,,,1.1920000000000001e-05,13180.0,,,1.1920000000000001e-05,1.2000000000000002
707,,,1.1940000000000001e-05,13160.0,,,1.1940000000000001e-05,1.2000000000000002
708,,,1.196e-05,13160.0,,,1.196e-05,0.8
709,,,1.198e-05,13140.0,,,1.198e-05,1.0
710,,,1.2e-05,13160.0,,,1.2e-05,1.0
711,,,1.202e-05,13160.0,,,1.202e-05,1.2000000000000002
712,,,1.204e-05,13220.0,,,1.204e-05,0.8
713,,,1.206e-05,13180.0,,,1.206e-05,0.8
714,,,1.208e-05,13200.0,,,1.208e-05,0.6000000000000001
715,,,1.21e-05,13220.0,,,1.21e-05,1.0
716,,,1.212e-05,13200.0,,,1.212e-05,1.0
717,,,1.2139999999999999e-05,13200.0,,,1.2139999999999999e-05,1.0
718,,,1.2159999999999999e-05,13240.0,,,1.2159999999999999e-05,0.8
719,,,1.2179999999999999e-05,13220.0,,,1.2179999999999999e-05,1.0
720,,,1.2200000000000002e-05,13220.0,,,1.2200000000000002e-05,1.2000000000000002
721,,,1.2220000000000002e-05,13240.0,,,1.2220000000000002e-05,1.0
722,,,1.2240000000000001e-05,13240.0,,,1.2240000000000001e-05,1.0
723,,,1.2260000000000001e-05,13240.0,,,1.2260000000000001e-05,1.0
724,,,1.2280000000000001e-05,13220.0,,,1.2280000000000001e-05,1.0
725,,,1.23e-05,13260.0,,,1.23e-05,1.0
726,,,1.232e-05,13260.0,,,1.232e-05,1.0
727,,,1.234e-05,13260.0,,,1.234e-05,0.6000000000000001
728,,,1.236e-05,13280.0,,,1.236e-05,1.0
729,,,1.238e-05,13300.0,,,1.238e-05,1.0
730,,,1.24e-05,13260.0,,,1.24e-05,1.2000000000000002
731,,,1.242e-05,13280.0,,,1.242e-05,1.2000000000000002
732,,,1.244e-05,13280.0,,,1.244e-05,0.8
733,,,1.246e-05,13280.0,,,1.246e-05,0.8
734,,,1.2479999999999999e-05,13300.0,,,1.2479999999999999e-05,1.2000000000000002
735,,,1.2499999999999999e-05,13300.0,,,1.2499999999999999e-05,1.2000000000000002
736,,,1.2519999999999999e-05,13300.0,,,1.2519999999999999e-05,1.0
737,,,1.2539999999999999e-05,13320.0,,,1.2539999999999999e-05,1.0
738,,,1.2560000000000002e-05,13320.0,,,1.2560000000000002e-05,1.0
739,,,1.2580000000000002e-05,13340.0,,,1.2580000000000002e-05,0.8
740,,,1.2600000000000001e-05,13320.0,,,1.2600000000000001e-05,0.8
741,,,1.2620000000000001e-05,13320.0,,,1.2620000000000001e-05,0.8
742,,,1.2640000000000001e-05,13340.0,,,1.2640000000000001e-05,1.2000000000000002
743,,,1.266e-05,13340.0,,,1.266e-05,0.8
744,,,1.268e-05,13360.0,,,1.268e-05,1.0
745,,,1.27e-05,13360.0,,,1.27e-05,0.8
746,,,1.272e-05,13360.0,,,1.272e-05,0.8
747,,,1.274e-05,13380.0,,,1.274e-05,1.0
748,,,1.276e-05,13360.0,,,1.276e-05,1.0
749,,,1.278e-05,13400.0,,,1.278e-05,1.0
750,,,1.28e-05,13380.0,,,1.28e-05,1.0
751,,,1.282e-05,13360.0,,,1.282e-05,1.0
752,,,1.2839999999999999e-05,13380.0,,,1.2839999999999999e-05,1.0
753,,,1.2859999999999999e-05,13380.0,,,1.2859999999999999e-05,1.2000000000000002
754,,,1.2879999999999999e-05,13400.0,,,1.2879999999999999e-05,1.0
755,,,1.2900000000000002e-05,13400.0,,,1.2900000000000002e-05,0.8
756,,,1.2920000000000002e-05,13420.0,,,1.2920000000000002e-05,0.8
757,,,1.2940000000000001e-05,13400.0,,,1.2940000000000001e-05,0.8
758,,,1.2960000000000001e-05,13420.0,,,1.2960000000000001e-05,1.0
759,,,1.2980000000000001e-05,13420.0,,,1.2980000000000001e-05,1.0
760,,,1.3000000000000001e-05,13420.0,,,1.3000000000000001e-05,0.8
761,,,1.302e-05,13440.0,,,1.302e-05,1.0
762,,,1.304e-05,13440.0,,,1.304e-05,1.0
763,,,1.306e-05,13440.0,,,1.306e-05,1.0
764,,,1.308e-05,13440.0,,,1.308e-05,0.8
765,,,1.31e-05,13460.0,,,1.31e-05,0.8
766,,,1.312e-05,13460.0,,,1.312e-05,1.0
767,,,1.314e-05,13480.0,,,1.314e-05,1.0
768,,,1.3160000000000003e-05,13440.0,,,1.3160000000000003e-05,1.0
769,,,1.3180000000000003e-05,13460.0,,,1.3180000000000003e-05,0.8
770,,,1.3200000000000002e-05,13480.0,,,1.3200000000000002e-05,0.6000000000000001
771,,,1.3220000000000002e-05,13460.0,,,1.3220000000000002e-05,0.8
772,,,1.3240000000000002e-05,13480.0,,,1.3240000000000002e-05,0.8
773,,,1.3260000000000002e-05,13460.0,,,1.3260000000000002e-05,1.2000000000000002
774,,,1.3280000000000002e-05,13480.0,,,1.3280000000000002e-05,1.0
775,,,1.3300000000000001e-05,13500.0,,,1.3300000000000001e-05,0.8
776,,,1.3320000000000001e-05,13500.0,,,1.3320000000000001e-05,1.0
777,,,1.3340000000000001e-05,13500.0,,,1.3340000000000001e-05,1.0
778,,,1.336e-05,13500.0,,,1.336e-05,0.8
779,,,1.338e-05,13520.0,,,1.338e-05,0.8
780,,,1.34e-05,13520.0,,,1.34e-05,0.8
781,,,1.342e-05,13520.0,,,1.342e-05,1.0
782,,,1.344e-05,13540.0,,,1.344e-05,1.0
783,,,1.346e-05,13520.0,,,1.346e-05,0.8
784,,,1.348e-05,13540.0,,,1.348e-05,1.0
785,,,1.35e-05,13540.0,,,1.35e-05,0.8
786,,,1.3520000000000003e-05,13540.0,,,1.3520000000000003e-05,1.0
787,,,1.3540000000000003e-05,13560.0,,,1.3540000000000003e-05,0.8
788,,,1.3560000000000002e-05,13540.0,,,1.3560000000000002e-05,0.8
789,,,1.3580000000000002e-05,13540.0,,,1.3580000000000002e-05,0.8
790,,,1.3600000000000002e-05,13560.0,,,1.3600000000000002e-05,0.8
791,,,1.3620000000000002e-05,13580.0,,,1.3620000000000002e-05,0.8
792,,,1.3640000000000002e-05,13560.0,,,1.3640000000000002e-05,0.6000000000000001
793,,,1.3660000000000001e-05,13580.0,,,1.3660000000000001e-05,0.8
794,,,1.3680000000000001e-05,13560.0,,,1.3680000000000001e-05,0.8
795,,,1.3700000000000001e-05,13600.0,,,1.3700000000000001e-05,0.8
796,,,1.372e-05,13560.0,,,1.372e-05,1.0
797,,,1.374e-05,13600.0,,,1.374e-05,1.2000000000000002
798,,,1.376e-05,13620.0,,,1.376e-05,0.8
799,,,1.378e-05,13620.0,,,1.378e-05,1.2000000000000002
800,,,1.38e-05,13600.0,,,1.38e-05,0.8
801,,,1.382e-05,13600.0,,,1.382e-05,1.0
802,,,1.384e-05,13620.0,,,1.384e-05,0.8
803,,,1.386e-05,13620.0,,,1.386e-05,1.0
804,,,1.3880000000000003e-05,13640.0,,,1.3880000000000003e-05,1.0
805,,,1.3900000000000002e-05,13640.0,,,1.3900000000000002e-05,0.8
806,,,1.3920000000000002e-05,13640.0,,,1.3920000000000002e-05,1.2000000000000002
807,,,1.3940000000000002e-05,13660.0,,,1.3940000000000002e-05,0.6000000000000001
808,,,1.3960000000000002e-05,13640.0,,,1.3960000000000002e-05,0.8
809,,,1.3980000000000002e-05,13660.0,,,1.3980000000000002e-05,1.0
810,,,1.4000000000000001e-05,13660.0,,,1.4000000000000001e-05,1.0
811,,,1.4020000000000001e-05,13660.0,,,1.4020000000000001e-05,3.4000000000000004
812,,,1.4040000000000001e-05,13660.0,,,1.4040000000000001e-05,1.6
813,,,1.4060000000000001e-05,13640.0,,,1.4060000000000001e-05,0.6000000000000001
814,,,1.408e-05,13640.0,,,1.408e-05,3.0
815,,,1.41e-05,13640.0,,,1.41e-05,2.4000000000000004
816,,,1.412e-05,13640.0,,,1.412e-05,4.2
817,,,1.414e-05,13660.0,,,1.414e-05,2.2
818,,,1.416e-05,13660.0,,,1.416e-05,1.8
819,,,1.418e-05,13680.0,,,1.418e-05,1.4000000000000001
820,,,1.42e-05,13660.0,,,1.42e-05,1.0
821,,,1.4220000000000003e-05,13680.0,,,1.4220000000000003e-05,1.2000000000000002
822,,,1.4240000000000003e-05,13660.0,,,1.4240000000000003e-05,1.2000000000000002
823,,,1.4260000000000002e-05,13660.0,,,1.4260000000000002e-05,1.2000000000000002
824,,,1.4280000000000002e-05,13660.0,,,1.4280000000000002e-05,1.0
825,,,1.4300000000000002e-05,13680.0,,,1.4300000000000002e-05,0.8
826,,,1.4320000000000002e-05,13680.0,,,1.4320000000000002e-05,1.0
827,,,1.4340000000000002e-05,13680.0,,,1.4340000000000002e-05,0.6000000000000001
828,,,1.4360000000000001e-05,13700.0,,,1.4360000000000001e-05,1.2000000000000002
829,,,1.4380000000000001e-05,13700.0,,,1.4380000000000001e-05,1.2000000000000002
830,,,1.4400000000000001e-05,13680.0,,,1.4400000000000001e-05,0.6000000000000001
831,,,1.4420000000000001e-05,13700.0,,,1.4420000000000001e-05,1.0
832,,,1.444e-05,13700.0,,,1.444e-05,0.8
833,,,1.446e-05,13700.0,,,1.446e-05,0.8
834,,,1.448e-05,13720.0,,,1.448e-05,0.6000000000000001
835,,,1.45e-05,13740.0,,,1.45e-05,0.8
836,,,1.452e-05,13700.0,,,1.452e-05,0.8
837,,,1.454e-05,13740.0,,,1.454e-05,0.6000000000000001
838,,,1.456e-05,13740.0,,,1.456e-05,1.0
839,,,1.4580000000000003e-05,13740.0,,,1.4580000000000003e-05,0.8
840,,,1.4600000000000003e-05,13740.0,,,1.4600000000000003e-05,1.0
841,,,1.4620000000000002e-05,13760.0,,,1.4620000000000002e-05,1.0
842,,,1.4640000000000002e-05,13760.0,,,1.4640000000000002e-05,1.0
843,,,1.4660000000000002e-05,13740.0,,,1.4660000000000002e-05,0.8
844,,,1.4680000000000002e-05,13780.0,,,1.4680000000000002e-05,1.0
845,,,1.4700000000000002e-05,13760.0,,,1.4700000000000002e-05,0.6000000000000001
846,,,1.4720000000000001e-05,13780.0,,,1.4720000000000001e-05,0.6000000000000001
847,,,1.4740000000000001e-05,13740.0,,,1.4740000000000001e-05,0.8
848,,,1.4760000000000001e-05,13780.0,,,1.4760000000000001e-05,0.8
849,,,1.478e-05,13760.0,,,1.478e-05,0.8
850,,,1.48e-05,13760.0,,,1.48e-05,0.8
851,,,1.482e-05,13800.0,,,1.482e-05,1.0
852,,,1.484e-05,13800.0,,,1.484e-05,1.0
853,,,1.486e-05,13800.0,,,1.486e-05,1.0
854,,,1.488e-05,13780.0,,,1.488e-05,0.6000000000000001
855,,,1.49e-05,13820.0,,,1.49e-05,0.8
856,,,1.492e-05,13800.0,,,1.492e-05,0.8
857,,,1.4940000000000003e-05,13800.0,,,1.4940000000000003e-05,1.0
858,,,1.4960000000000002e-05,13820.0,,,1.4960000000000002e-05,1.0
859,,,1.4980000000000002e-05,13820.0,,,1.4980000000000002e-05,0.6000000000000001
860,,,1.5000000000000002e-05,13820.0,,,1.5000000000000002e-05,0.8
861,,,1.5020000000000002e-05,13820.0,,,1.5020000000000002e-05,1.0
862,,,1.5040000000000002e-05,13840.0,,,1.5040000000000002e-05,0.8
863,,,1.5060000000000001e-05,13840.0,,,1.5060000000000001e-05,0.8
864,,,1.5080000000000001e-05,13840.0,,,1.5080000000000001e-05,0.6000000000000001
865,,,1.5100000000000001e-05,13840.0,,,1.5100000000000001e-05,0.8
866,,,1.5120000000000001e-05,13840.0,,,1.5120000000000001e-05,1.0
867,,,1.514e-05,13840.0,,,1.514e-05,0.8
868,,,1.516e-05,13860.0,,,1.516e-05,1.0
869,,,1.518e-05,13840.0,,,1.518e-05,0.6000000000000001
870,,,1.52e-05,13880.0,,,1.52e-05,0.6000000000000001
871,,,1.522e-05,13880.0,,,1.522e-05,1.0
872,,,1.524e-05,13860.0,,,1.524e-05,1.0
873,,,1.526e-05,13900.0,,,1.526e-05,0.6000000000000001
874,,,1.5280000000000003e-05,13900.0,,,1.5280000000000003e-05,0.8
875,,,1.5300000000000003e-05,13880.0,,,1.5300000000000003e-05,0.8
876,,,1.5320000000000002e-05,13880.0,,,1.5320000000000002e-05,0.8
877,,,1.5340000000000002e-05,13880.0,,,1.5340000000000002e-05,0.8
878,,,1.5360000000000002e-05,13900.0,,,1.5360000000000002e-05,0.6000000000000001
879,,,1.5380000000000002e-05,13900.0,,,1.5380000000000002e-05,0.6000000000000001
880,,,1.54e-05,13920.0,,,1.54e-05,1.0
881,,,1.542e-05,13920.0,,,1.542e-05,1.0
882,,,1.544e-05,13900.0,,,1.544e-05,0.6000000000000001
883,,,1.546e-05,13920.0,,,1.546e-05,0.6000000000000001
884,,,1.548e-05,13920.0,,,1.548e-05,1.0
885,,,1.55e-05,13920.0,,,1.55e-05,0.8
886,,,1.552e-05,13920.0,,,1.552e-05,0.8
887,,,1.554e-05,13940.0,,,1.554e-05,1.0
888,,,1.556e-05,13940.0,,,1.556e-05,0.8
889,,,1.558e-05,13960.0,,,1.558e-05,0.8
890,,,1.56e-05,13940.0,,,1.56e-05,0.8
891,,,1.562e-05,13940.0,,,1.562e-05,0.6000000000000001
892,,,1.5640000000000003e-05,13920.0,,,1.5640000000000003e-05,1.0
893,,,1.5660000000000003e-05,13940.0,,,1.5660000000000003e-05,0.8
894,,,1.5680000000000002e-05,13960.0,,,1.5680000000000002e-05,0.8
895,,,1.5700000000000002e-05,13960.0,,,1.5700000000000002e-05,0.8
896,,,1.5720000000000002e-05,13960.0,,,1.5720000000000002e-05,1.0
897,,,1.5740000000000002e-05,13960.0,,,1.5740000000000002e-05,0.6000000000000001
898,,,1.576e-05,13980.0,,,1.576e-05,0.8
899,,,1.578e-05,13980.0,,,1.578e-05,1.0
900,,,1.58e-05,13960.0,,,1.58e-05,0.6000000000000001
901,,,1.582e-05,13980.0,,,1.582e-05,0.8
902,,,1.584e-05,13980.0,,,1.584e-05,0.8
903,,,1.586e-05,14000.0,,,1.586e-05,0.8
904,,,1.588e-05,14000.0,,,1.588e-05,0.8
905,,,1.59e-05,14000.0,,,1.59e-05,0.8
906,,,1.592e-05,14000.0,,,1.592e-05,0.2
907,,,1.594e-05,13980.0,,,1.594e-05,0.8
908,,,1.596e-05,14020.0,,,1.596e-05,0.8
909,,,1.598e-05,14000.0,,,1.598e-05,0.8
910,,,1.6000000000000003e-05,14000.0,,,1.6000000000000003e-05,0.6000000000000001
911,,,1.6020000000000002e-05,14040.0,,,1.6020000000000002e-05,0.6000000000000001
912,,,1.6040000000000002e-05,14040.0,,,1.6040000000000002e-05,0.6000000000000001
913,,,1.6060000000000002e-05,14040.0,,,1.6060000000000002e-05,0.8
914,,,1.6080000000000002e-05,14020.0,,,1.6080000000000002e-05,0.8
915,,,1.6100000000000002e-05,14000.0,,,1.6100000000000002e-05,0.8
916,,,1.612e-05,14040.0,,,1.612e-05,0.4
917,,,1.614e-05,14060.0,,,1.614e-05,0.8
918,,,1.616e-05,14040.0,,,1.616e-05,0.8
919,,,1.618e-05,14060.0,,,1.618e-05,1.0
920,,,1.62e-05,14040.0,,,1.62e-05,0.8
921,,,1.622e-05,14060.0,,,1.622e-05,0.8
922,,,1.624e-05,14080.0,,,1.624e-05,0.8
923,,,1.626e-05,14080.0,,,1.626e-05,0.6000000000000001
924,,,1.628e-05,14080.0,,,1.628e-05,0.8
925,,,1.63e-05,14080.0,,,1.63e-05,0.6000000000000001
926,,,1.632e-05,14080.0,,,1.632e-05,0.8
927,,,1.6340000000000003e-05,14060.0,,,1.6340000000000003e-05,0.6000000000000001
928,,,1.6360000000000003e-05,14100.0,,,1.6360000000000003e-05,0.8
929,,,1.6380000000000002e-05,14060.0,,,1.6380000000000002e-05,0.8
930,,,1.6400000000000002e-05,14080.0,,,1.6400000000000002e-05,0.4
931,,,1.6420000000000002e-05,14100.0,,,1.6420000000000002e-05,0.4
932,,,1.6440000000000002e-05,14100.0,,,1.6440000000000002e-05,0.8
933,,,1.646e-05,14100.0,,,1.646e-05,0.8
934,,,1.648e-05,14120.0,,,1.648e-05,0.8
935,,,1.65e-05,14080.0,,,1.65e-05,0.8
936,,,1.652e-05,14120.0,,,1.652e-05,1.2000000000000002
937,,,1.654e-05,14100.0,,,1.654e-05,1.6
938,,,1.656e-05,14120.0,,,1.656e-05,1.4000000000000001
939,,,1.658e-05,14080.0,,,1.658e-05,1.8
940,,,1.66e-05,14120.0,,,1.66e-05,1.6
941,,,1.662e-05,14140.0,,,1.662e-05,1.8
942,,,1.664e-05,14120.0,,,1.664e-05,2.2
943,,,1.666e-05,14120.0,,,1.666e-05,1.6
944,,,1.668e-05,14140.0,,,1.668e-05,1.0
945,,,1.6700000000000003e-05,14100.0,,,1.6700000000000003e-05,1.0
946,,,1.6720000000000003e-05,14140.0,,,1.6720000000000003e-05,0.8
947,,,1.6740000000000002e-05,14160.0,,,1.6740000000000002e-05,1.0
948,,,1.6760000000000002e-05,14140.0,,,1.6760000000000002e-05,0.8
949,,,1.6780000000000002e-05,14120.0,,,1.6780000000000002e-05,0.8
950,,,1.6800000000000002e-05,14140.0,,,1.6800000000000002e-05,0.8
951,,,1.682e-05,14140.0,,,1.682e-05,1.0
952,,,1.684e-05,14140.0,,,1.684e-05,0.6000000000000001
953,,,1.686e-05,14140.0,,,1.686e-05,0.4
954,,,1.688e-05,14160.0,,,1.688e-05,1.0
955,,,1.69e-05,14140.0,,,1.69e-05,0.8
956,,,1.692e-05,14160.0,,,1.692e-05,1.0
957,,,1.694e-05,14180.0,,,1.694e-05,0.6000000000000001
958,,,1.696e-05,14180.0,,,1.696e-05,0.6000000000000001
959,,,1.698e-05,14160.0,,,1.698e-05,0.8
960,,,1.7e-05,14180.0,,,1.7e-05,0.6000000000000001
961,,,1.702e-05,14180.0,,,1.702e-05,0.8
962,,,1.704e-05,14180.0,,,1.704e-05,0.4
963,,,1.7060000000000003e-05,14160.0,,,1.7060000000000003e-05,0.4
964,,,1.7080000000000002e-05,14180.0,,,1.7080000000000002e-05,0.8
965,,,1.7100000000000002e-05,14220.0,,,1.7100000000000002e-05,0.6000000000000001
966,,,1.7120000000000002e-05,14220.0,,,1.7120000000000002e-05,0.8
967,,,1.7140000000000002e-05,14200.0,,,1.7140000000000002e-05,0.6000000000000001
968,,,1.7160000000000002e-05,14200.0,,,1.7160000000000002e-05,0.4
969,,,1.718e-05,14220.0,,,1.718e-05,0.8
970,,,1.72e-05,14200.0,,,1.72e-05,0.8
971,,,1.722e-05,14180.0,,,1.722e-05,0.8
972,,,1.724e-05,14220.0,,,1.724e-05,0.6000000000000001
973,,,1.726e-05,14220.0,,,1.726e-05,0.4
974,,,1.728e-05,14200.0,,,1.728e-05,0.6000000000000001
975,,,1.73e-05,14220.0,,,1.73e-05,0.8
976,,,1.732e-05,14200.0,,,1.732e-05,0.6000000000000001
977,,,1.734e-05,14240.0,,,1.734e-05,0.6000000000000001
978,,,1.736e-05,14220.0,,,1.736e-05,0.6000000000000001
979,,,1.738e-05,14240.0,,,1.738e-05,0.6000000000000001
980,,,1.7400000000000003e-05,14240.0,,,1.7400000000000003e-05,0.6000000000000001
981,,,1.7420000000000003e-05,14240.0,,,1.7420000000000003e-05,0.8
982,,,1.7440000000000002e-05,14240.0,,,1.7440000000000002e-05,0.6000000000000001
983,,,1.7460000000000002e-05,14240.0,,,1.7460000000000002e-05,0.6000000000000001
984,,,1.7480000000000002e-05,14260.0,,,1.7480000000000002e-05,0.6000000000000001
985,,,1.7500000000000002e-05,14240.0,,,1.7500000000000002e-05,0.8
986,,,1.752e-05,14260.0,,,1.752e-05,0.6000000000000001
987,,,1.754e-05,14260.0,,,1.754e-05,0.8
988,,,1.756e-05,14240.0,,,1.756e-05,0.6000000000000001
989,,,1.758e-05,14280.0,,,1.758e-05,0.6000000000000001
990,,,1.76e-05,14280.0,,,1.76e-05,0.4
991,,,1.762e-05,14280.0,,,1.762e-05,0.8
992,,,1.764e-05,14280.0,,,1.764e-05,0.6000000000000001
993,,,1.766e-05,14280.0,,,1.766e-05,0.6000000000000001
994,,,1.768e-05,14260.0,,,1.768e-05,0.8
995,,,1.77e-05,14280.0,,,1.77e-05,0.6000000000000001
996,,,1.772e-05,14300.0,,,1.772e-05,0.4
997,,,1.774e-05,14280.0,,,1.774e-05,0.6000000000000001
998,,,1.7760000000000003e-05,14320.0,,,1.7760000000000003e-05,0.8
999,,,1.7780000000000003e-05,14280.0,,,1.7780000000000003e-05,0.8
1000,,,1.7800000000000002e-05,14260.0,,,1.7800000000000002e-05,0.6000000000000001
1001,,,1.7820000000000002e-05,14320.0,,,1.7820000000000002e-05,0.6000000000000001
1002,,,1.7840000000000002e-05,14320.0,,,1.7840000000000002e-05,0.6000000000000001
1003,,,1.7860000000000002e-05,14340.0,,,1.7860000000000002e-05,0.6000000000000001
1004,,,1.788e-05,14320.0,,,1.788e-05,0.8
1005,,,1.79e-05,14320.0,,,1.79e-05,0.6000000000000001
1006,,,1.792e-05,14320.0,,,1.792e-05,0.6000000000000001
1007,,,1.794e-05,14320.0,,,1.794e-05,0.6000000000000001
1008,,,1.796e-05,14320.0,,,1.796e-05,0.8
1009,,,1.798e-05,14340.0,,,1.798e-05,0.4
1010,,,1.8e-05,14320.0,,,1.8e-05,0.4
1011,,,1.802e-05,14320.0,,,1.802e-05,0.4
1012,,,1.804e-05,14320.0,,,1.804e-05,0.6000000000000001
1013,,,1.806e-05,14360.0,,,1.806e-05,0.6000000000000001
1014,,,1.808e-05,14340.0,,,1.808e-05,0.6000000000000001
1015,,,1.81e-05,14360.0,,,1.81e-05,0.4
1016,,,1.8120000000000003e-05,14360.0,,,1.8120000000000003e-05,0.6000000000000001
1017,,,1.8140000000000003e-05,14340.0,,,1.8140000000000003e-05,0.8
1018,,,1.8160000000000002e-05,14360.0,,,1.8160000000000002e-05,0.8
1019,,,1.8180000000000002e-05,14380.0,,,1.8180000000000002e-05,0.8
1020,,,1.8200000000000002e-05,14340.0,,,1.8200000000000002e-05,0.6000000000000001
1021,,,1.8220000000000002e-05,14360.0,,,1.8220000000000002e-05,0.6000000000000001
1022,,,1.824e-05,14380.0,,,1.824e-05,0.6000000000000001
1023,,,1.826e-05,14380.0,,,1.826e-05,0.8
1024,,,1.828e-05,14380.0,,,1.828e-05,0.6000000000000001
1025,,,1.83e-05,14400.0,,,1.83e-05,0.6000000000000001
1026,,,1.832e-05,14400.0,,,1.832e-05,0.8
1027,,,1.834e-05,14380.0,,,1.834e-05,0.4
1028,,,1.836e-05,14380.0,,,1.836e-05,0.6000000000000001
1029,,,1.838e-05,14400.0,,,1.838e-05,0.8
1030,,,1.84e-05,14400.0,,,1.84e-05,0.6000000000000001
1031,,,1.842e-05,14420.0,,,1.842e-05,0.4
1032,,,1.844e-05,14380.0,,,1.844e-05,0.8
1033,,,1.8460000000000003e-05,14400.0,,,1.8460000000000003e-05,0.6000000000000001
1034,,,1.8480000000000003e-05,14400.0,,,1.8480000000000003e-05,0.4
1035,,,1.8500000000000002e-05,14400.0,,,1.8500000000000002e-05,0.4
1036,,,1.8520000000000002e-05,14400.0,,,1.8520000000000002e-05,0.8
1037,,,1.8540000000000002e-05,14400.0,,,1.8540000000000002e-05,0.8
1038,,,1.8560000000000002e-05,14420.0,,,1.8560000000000002e-05,0.6000000000000001
1039,,,1.858e-05,14420.0,,,1.858e-05,0.8
1040,,,1.86e-05,14420.0,,,1.86e-05,0.4
1041,,,1.862e-05,14420.0,,,1.862e-05,0.6000000000000001
1042,,,1.864e-05,14400.0,,,1.864e-05,0.6000000000000001
1043,,,1.866e-05,14400.0,,,1.866e-05,0.2
1044,,,1.868e-05,14420.0,,,1.868e-05,0.6000000000000001
1045,,,1.87e-05,14440.0,,,1.87e-05,0.6000000000000001
1046,,,1.872e-05,14420.0,,,1.872e-05,0.6000000000000001
1047,,,1.874e-05,14420.0,,,1.874e-05,0.6000000000000001
1048,,,1.876e-05,14400.0,,,1.876e-05,0.6000000000000001
1049,,,1.878e-05,14420.0,,,1.878e-05,0.4
1050,,,1.88e-05,14460.0,,,1.88e-05,0.6000000000000001
1051,,,1.8820000000000003e-05,14420.0,,,1.8820000000000003e-05,0.4
1052,,,1.8840000000000003e-05,14440.0,,,1.8840000000000003e-05,0.6000000000000001
1053,,,1.8860000000000002e-05,14460.0,,,1.8860000000000002e-05,0.8
1054,,,1.8880000000000002e-05,14440.0,,,1.8880000000000002e-05,0.4
1055,,,1.8900000000000002e-05,14480.0,,,1.8900000000000002e-05,2.0
1056,,,1.8920000000000002e-05,14420.0,,,1.8920000000000002e-05,2.8000000000000003
1057,,,1.894e-05,14440.0,,,1.894e-05,2.2
1058,,,1.896e-05,14420.0,,,1.896e-05,4.800000000000001
1059,,,1.898e-05,14420.0,,,1.898e-05,3.0
1060,,,1.9e-05,14420.0,,,1.9e-05,5.2
1061,,,1.902e-05,14400.0,,,1.902e-05,3.4000000000000004
1062,,,1.904e-05,14440.0,,,1.904e-05,1.8
1063,,,1.906e-05,14420.0,,,1.906e-05,1.6
1064,,,1.908e-05,14420.0,,,1.908e-05,0.8
1065,,,1.91e-05,14380.0,,,1.91e-05,1.2000000000000002
1066,,,1.912e-05,14420.0,,,1.912e-05,0.6000000000000001
1067,,,1.914e-05,14420.0,,,1.914e-05,0.2
1068,,,1.916e-05,14440.0,,,1.916e-05,0.4
1069,,,1.9180000000000003e-05,14440.0,,,1.9180000000000003e-05,0.4
1070,,,1.9200000000000003e-05,14420.0,,,1.9200000000000003e-05,0.6000000000000001
1071,,,1.9220000000000002e-05,14440.0,,,1.9220000000000002e-05,0.6000000000000001
1072,,,1.9240000000000002e-05,14460.0,,,1.9240000000000002e-05,0.6000000000000001
1073,,,1.9260000000000002e-05,14420.0,,,1.9260000000000002e-05,0.4
1074,,,1.9280000000000002e-05,14400.0,,,1.9280000000000002e-05,0.4
1075,,,1.93e-05,14420.0,,,1.93e-05,0.8
1076,,,1.932e-05,14440.0,,,1.932e-05,0.0
1077,,,1.934e-05,14440.0,,,1.934e-05,0.6000000000000001
1078,,,1.936e-05,14480.0,,,1.936e-05,0.4
1079,,,1.938e-05,14460.0,,,1.938e-05,0.6000000000000001
1080,,,1.94e-05,14440.0,,,1.94e-05,0.6000000000000001
1081,,,1.942e-05,14460.0,,,1.942e-05,0.4
1082,,,1.944e-05,14480.0,,,1.944e-05,0.4
1083,,,1.946e-05,14480.0,,,1.946e-05,0.4
1084,,,1.948e-05,14480.0,,,1.948e-05,0.8
1085,,,1.95e-05,14480.0,,,1.95e-05,0.4
1086,,,1.9520000000000003e-05,14480.0,,,1.9520000000000003e-05,0.4
1087,,,1.9540000000000003e-05,14480.0,,,1.9540000000000003e-05,0.6000000000000001
1088,,,1.9560000000000002e-05,14460.0,,,1.9560000000000002e-05,0.6000000000000001
1089,,,1.9580000000000002e-05,14440.0,,,1.9580000000000002e-05,0.4
1090,,,1.9600000000000002e-05,14500.0,,,1.9600000000000002e-05,0.4
1091,,,1.9620000000000002e-05,14480.0,,,1.9620000000000002e-05,0.4
1092,,,1.9640000000000002e-05,14500.0,,,1.9640000000000002e-05,0.6000000000000001
1093,,,1.966e-05,14480.0,,,1.966e-05,0.6000000000000001
1094,,,1.968e-05,14480.0,,,1.968e-05,0.6000000000000001
1095,,,1.97e-05,14500.0,,,1.97e-05,0.4
1096,,,1.972e-05,14480.0,,,1.972e-05,0.6000000000000001
1097,,,1.974e-05,14500.0,,,1.974e-05,0.2
1098,,,1.976e-05,14500.0,,,1.976e-05,0.4
1099,,,1.978e-05,14500.0,,,1.978e-05,0.4
1100,,,1.98e-05,14500.0,,,1.98e-05,0.6000000000000001
1101,,,1.982e-05,14540.0,,,1.982e-05,0.6000000000000001
1102,,,1.984e-05,14540.0,,,1.984e-05,0.6000000000000001
1103,,,1.986e-05,14520.0,,,1.986e-05,0.4
1104,,,1.9880000000000003e-05,14520.0,,,1.9880000000000003e-05,0.2
1105,,,1.9900000000000003e-05,14480.0,,,1.9900000000000003e-05,0.4
1106,,,1.9920000000000002e-05,14520.0,,,1.9920000000000002e-05,0.6000000000000001
1107,,,1.9940000000000002e-05,14520.0,,,1.9940000000000002e-05,0.8
1108,,,1.9960000000000002e-05,14540.0,,,1.9960000000000002e-05,0.4
1109,,,1.9980000000000002e-05,14540.0,,,1.9980000000000002e-05,0.2
1110,,,2e-05,14540.0,,,2e-05,0.6000000000000001
1111,,,2.002e-05,14520.0,,,2.002e-05,0.6000000000000001
1112,,,2.004e-05,14540.0,,,2.004e-05,0.6000000000000001
1113,,,2.006e-05,14520.0,,,2.006e-05,0.6000000000000001
1114,,,2.008e-05,14540.0,,,2.008e-05,0.4
1115,,,2.01e-05,14540.0,,,2.01e-05,0.6000000000000001
1116,,,2.012e-05,14540.0,,,2.012e-05,0.4
1117,,,2.014e-05,14560.0,,,2.014e-05,0.8
1118,,,2.016e-05,14560.0,,,2.016e-05,0.4
1119,,,2.018e-05,14560.0,,,2.018e-05,0.6000000000000001
1120,,,2.02e-05,14560.0,,,2.02e-05,0.6000000000000001
1121,,,2.022e-05,14580.0,,,2.022e-05,0.6000000000000001
1122,,,2.0240000000000003e-05,14560.0,,,2.0240000000000003e-05,0.4
1123,,,2.0260000000000003e-05,14580.0,,,2.0260000000000003e-05,0.4
1124,,,2.0280000000000002e-05,14560.0,,,2.0280000000000002e-05,0.4
1125,,,2.0300000000000002e-05,14560.0,,,2.0300000000000002e-05,0.4
1126,,,2.0320000000000002e-05,14560.0,,,2.0320000000000002e-05,0.8
1127,,,2.0340000000000002e-05,14540.0,,,2.0340000000000002e-05,0.4
1128,,,2.036e-05,14540.0,,,2.036e-05,0.4
1129,,,2.038e-05,14540.0,,,2.038e-05,0.4
1130,,,2.04e-05,14580.0,,,2.04e-05,0.8
1131,,,2.042e-05,14580.0,,,2.042e-05,0.4
1132,,,2.044e-05,14580.0,,,2.044e-05,0.4
1133,,,2.046e-05,14560.0,,,2.046e-05,0.6000000000000001
1134,,,2.048e-05,14560.0,,,2.048e-05,0.6000000000000001
1135,,,2.05e-05,14580.0,,,2.05e-05,0.8
1136,,,2.052e-05,14560.0,,,2.052e-05,0.4
1137,,,2.054e-05,14580.0,,,2.054e-05,0.6000000000000001
1138,,,2.056e-05,14560.0,,,2.056e-05,0.6000000000000001
1139,,,2.0580000000000003e-05,14580.0,,,2.0580000000000003e-05,0.6000000000000001
1140,,,2.0600000000000003e-05,14600.0,,,2.0600000000000003e-05,0.4
1141,,,2.0620000000000002e-05,14580.0,,,2.0620000000000002e-05,0.6000000000000001
1142,,,2.0640000000000002e-05,14580.0,,,2.0640000000000002e-05,0.4
1143,,,2.0660000000000002e-05,14560.0,,,2.0660000000000002e-05,0.4
1144,,,2.0680000000000002e-05,14580.0,,,2.0680000000000002e-05,0.4
1145,,,2.0700000000000002e-05,14620.0,,,2.0700000000000002e-05,0.6000000000000001
1146,,,2.072e-05,14580.0,,,2.072e-05,0.2
1147,,,2.074e-05,14580.0,,,2.074e-05,0.6000000000000001
1148,,,2.076e-05,14580.0,,,2.076e-05,0.6000000000000001
1149,,,2.078e-05,14600.0,,,2.078e-05,0.4
1150,,,2.08e-05,14600.0,,,2.08e-05,0.6000000000000001
1151,,,2.082e-05,14600.0,,,2.082e-05,0.4
1152,,,2.084e-05,14620.0,,,2.084e-05,0.2
1153,,,2.086e-05,14600.0,,,2.086e-05,0.4
1154,,,2.088e-05,14600.0,,,2.088e-05,0.4
1155,,,2.09e-05,14600.0,,,2.09e-05,0.8
1156,,,2.092e-05,14640.0,,,2.092e-05,0.2
1157,,,2.0940000000000003e-05,14640.0,,,2.0940000000000003e-05,0.4
1158,,,2.0960000000000003e-05,14600.0,,,2.0960000000000003e-05,0.4
1159,,,2.0980000000000002e-05,14600.0,,,2.0980000000000002e-05,0.6000000000000001
1160,,,2.1000000000000002e-05,14620.0,,,2.1000000000000002e-05,0.4
1161,,,2.1020000000000002e-05,14620.0,,,2.1020000000000002e-05,0.2
1162,,,2.1040000000000002e-05,14620.0,,,2.1040000000000002e-05,0.6000000000000001
1163,,,2.106e-05,14640.0,,,2.106e-05,0.4
1164,,,2.108e-05,14600.0,,,2.108e-05,0.6000000000000001
1165,,,2.11e-05,14620.0,,,2.11e-05,0.6000000000000001
1166,,,2.112e-05,14640.0,,,2.112e-05,0.2
1167,,,2.114e-05,14640.0,,,2.114e-05,0.2
1168,,,2.116e-05,14640.0,,,2.116e-05,0.6000000000000001
1169,,,2.118e-05,14600.0,,,2.118e-05,0.4
1170,,,2.12e-05,14620.0,,,2.12e-05,0.2
1171,,,2.122e-05,14620.0,,,2.122e-05,0.4
1172,,,2.124e-05,14640.0,,,2.124e-05,0.6000000000000001
1173,,,2.126e-05,14640.0,,,2.126e-05,0.6000000000000001
1174,,,2.128e-05,14640.0,,,2.128e-05,0.4
1175,,,2.1300000000000003e-05,14640.0,,,2.1300000000000003e-05,0.2
1176,,,2.1320000000000003e-05,14660.0,,,2.1320000000000003e-05,0.2
1177,,,2.1340000000000002e-05,14660.0,,,2.1340000000000002e-05,0.4
1178,,,2.1360000000000002e-05,14640.0,,,2.1360000000000002e-05,0.6000000000000001
1179,,,2.1380000000000002e-05,14640.0,,,2.1380000000000002e-05,0.6000000000000001
1180,,,2.1400000000000002e-05,14660.0,,,2.1400000000000002e-05,0.4
1181,,,2.142e-05,14660.0,,,2.142e-05,0.6000000000000001
1182,,,2.144e-05,14660.0,,,2.144e-05,0.4
1183,,,2.146e-05,14680.0,,,2.146e-05,0.6000000000000001
1184,,,2.148e-05,14640.0,,,2.148e-05,0.2
1185,,,2.15e-05,14660.0,,,2.15e-05,0.6000000000000001
1186,,,2.152e-05,14660.0,,,2.152e-05,0.4
1187,,,2.154e-05,14680.0,,,2.154e-05,0.6000000000000001
1188,,,2.156e-05,14640.0,,,2.156e-05,0.4
1189,,,2.158e-05,14680.0,,,2.158e-05,0.4
1190,,,2.16e-05,14680.0,,,2.16e-05,0.2
1191,,,2.162e-05,14680.0,,,2.162e-05,0.6000000000000001
1192,,,2.1640000000000003e-05,14680.0,,,2.1640000000000003e-05,0.6000000000000001
1193,,,2.1660000000000003e-05,14680.0,,,2.1660000000000003e-05,0.4
1194,,,2.1680000000000002e-05,14660.0,,,2.1680000000000002e-05,0.0
1195,,,2.1700000000000002e-05,14660.0,,,2.1700000000000002e-05,0.4
1196,,,2.1720000000000002e-05,14660.0,,,2.1720000000000002e-05,0.4
1197,,,2.1740000000000002e-05,14680.0,,,2.1740000000000002e-05,0.2
1198,,,2.1760000000000002e-05,14680.0,,,2.1760000000000002e-05,0.2
1199,,,2.178e-05,14680.0,,,2.178e-05,0.2
1200,,,2.18e-05,14680.0,,,2.18e-05,0.4
1201,,,2.182e-05,14680.0,,,2.182e-05,0.6000000000000001
1202,,,2.184e-05,14680.0,,,2.184e-05,0.4
1203,,,2.186e-05,14700.0,,,2.186e-05,0.0
1204,,,2.188e-05,14660.0,,,2.188e-05,0.2
1205,,,2.19e-05,14680.0,,,2.19e-05,0.4
1206,,,2.192e-05,14660.0,,,2.192e-05,0.2
1207,,,2.194e-05,14680.0,,,2.194e-05,0.6000000000000001
1208,,,2.196e-05,14680.0,,,2.196e-05,0.2
1209,,,2.198e-05,14680.0,,,2.198e-05,0.4
1210,,,2.2000000000000003e-05,14700.0,,,2.2000000000000003e-05,0.2
1211,,,2.2020000000000003e-05,14720.0,,,2.2020000000000003e-05,0.4
1212,,,2.2040000000000002e-05,14680.0,,,2.2040000000000002e-05,0.2
1213,,,2.2060000000000002e-05,14680.0,,,2.2060000000000002e-05,-0.2
1214,,,2.2080000000000002e-05,14680.0,,,2.2080000000000002e-05,0.6000000000000001
1215,,,2.2100000000000002e-05,14680.0,,,2.2100000000000002e-05,0.2
1216,,,2.212e-05,14720.0,,,2.212e-05,0.4
1217,,,2.214e-05,14720.0,,,2.214e-05,0.4
1218,,,2.216e-05,14700.0,,,2.216e-05,0.4
1219,,,2.218e-05,14680.0,,,2.218e-05,0.4
1220,,,2.22e-05,14740.0,,,2.22e-05,0.4
1221,,,2.222e-05,14720.0,,,2.222e-05,0.6000000000000001
1222,,,2.224e-05,14720.0,,,2.224e-05,0.2
1223,,,2.226e-05,14720.0,,,2.226e-05,0.6000000000000001
1224,,,2.228e-05,14700.0,,,2.228e-05,0.4
1225,,,2.23e-05,14720.0,,,2.23e-05,0.4
1226,,,2.232e-05,14700.0,,,2.232e-05,0.6000000000000001
1227,,,2.234e-05,14700.0,,,2.234e-05,0.4
1228,,,2.2360000000000003e-05,14700.0,,,2.2360000000000003e-05,0.2
1229,,,2.2380000000000003e-05,14720.0,,,2.2380000000000003e-05,0.6000000000000001
1230,,,2.2400000000000002e-05,14740.0,,,2.2400000000000002e-05,0.6000000000000001
1231,,,2.2420000000000002e-05,14740.0,,,2.2420000000000002e-05,0.6000000000000001
1232,,,2.2440000000000002e-05,14700.0,,,2.2440000000000002e-05,0.4
1233,,,2.2460000000000002e-05,14740.0,,,2.2460000000000002e-05,0.6000000000000001
1234,,,2.248e-05,14740.0,,,2.248e-05,0.6000000000000001
1235,,,2.25e-05,14720.0,,,2.25e-05,0.4
1236,,,2.252e-05,14720.0,,,2.252e-05,0.4
1237,,,2.254e-05,14720.0,,,2.254e-05,0.4
1238,,,2.256e-05,14720.0,,,2.256e-05,0.4
1239,,,2.258e-05,14720.0,,,2.258e-05,0.4
1240,,,2.26e-05,14740.0,,,2.26e-05,0.4
1241,,,2.262e-05,14740.0,,,2.262e-05,0.2
1242,,,2.264e-05,14740.0,,,2.264e-05,0.4
1243,,,2.266e-05,14700.0,,,2.266e-05,0.6000000000000001
1244,,,2.268e-05,14720.0,,,2.268e-05,0.2
1245,,,2.2700000000000003e-05,14740.0,,,2.2700000000000003e-05,0.4
1246,,,2.2720000000000003e-05,14740.0,,,2.2720000000000003e-05,0.6000000000000001
1247,,,2.2740000000000003e-05,14720.0,,,2.2740000000000003e-05,0.6000000000000001
1248,,,2.2760000000000002e-05,14760.0,,,2.2760000000000002e-05,0.6000000000000001
1249,,,2.2780000000000002e-05,14740.0,,,2.2780000000000002e-05,0.4
1250,,,2.2800000000000002e-05,14740.0,,,2.2800000000000002e-05,0.0
1251,,,2.2820000000000002e-05,14740.0,,,2.2820000000000002e-05,0.6000000000000001
1252,,,2.284e-05,14740.0,,,2.284e-05,0.4
1253,,,2.286e-05,14720.0,,,2.286e-05,0.2
1254,,,2.288e-05,14720.0,,,2.288e-05,0.6000000000000001
1255,,,2.29e-05,14740.0,,,2.29e-05,0.2
1256,,,2.292e-05,14740.0,,,2.292e-05,0.4
1257,,,2.294e-05,14720.0,,,2.294e-05,0.6000000000000001
1258,,,2.296e-05,14720.0,,,2.296e-05,0.6000000000000001
1259,,,2.298e-05,14740.0,,,2.298e-05,0.4
1260,,,2.3e-05,14740.0,,,2.3e-05,0.0
1261,,,2.302e-05,14760.0,,,2.302e-05,0.6000000000000001
1262,,,2.304e-05,14760.0,,,2.304e-05,0.2
1263,,,2.3060000000000003e-05,14720.0,,,2.3060000000000003e-05,0.4
1264,,,2.3080000000000003e-05,14740.0,,,2.3080000000000003e-05,0.6000000000000001
1265,,,2.3100000000000002e-05,14740.0,,,2.3100000000000002e-05,0.2
1266,,,2.3120000000000002e-05,14760.0,,,2.3120000000000002e-05,0.4
1267,,,2.3140000000000002e-05,14760.0,,,2.3140000000000002e-05,0.2
1268,,,2.3160000000000002e-05,14720.0,,,2.3160000000000002e-05,0.0
1269,,,2.318e-05,14760.0,,,2.318e-05,0.0
1270,,,2.32e-05,14740.0,,,2.32e-05,0.4
1271,,,2.322e-05,14740.0,,,2.322e-05,0.4
1272,,,2.324e-05,14740.0,,,2.324e-05,0.4
1273,,,2.326e-05,14720.0,,,2.326e-05,0.2
1274,,,2.328e-05,14720.0,,,2.328e-05,0.2
1275,,,2.33e-05,14720.0,,,2.33e-05,0.2
1276,,,2.332e-05,14740.0,,,2.332e-05,0.4
1277,,,2.334e-05,14760.0,,,2.334e-05,0.4
1278,,,2.336e-05,14740.0,,,2.336e-05,0.2
1279,,,2.338e-05,14740.0,,,2.338e-05,0.2
1280,,,2.34e-05,14760.0,,,2.34e-05,0.2
1281,,,2.3420000000000003e-05,14760.0,,,2.3420000000000003e-05,0.2
1282,,,2.3440000000000003e-05,14760.0,,,2.3440000000000003e-05,0.4
1283,,,2.3460000000000002e-05,14740.0,,,2.3460000000000002e-05,0.2
1284,,,2.3480000000000002e-05,14760.0,,,2.3480000000000002e-05,0.2
1285,,,2.3500000000000002e-05,14760.0,,,2.3500000000000002e-05,0.6000000000000001
1286,,,2.3520000000000002e-05,14780.0,,,2.3520000000000002e-05,0.4
1287,,,2.354e-05,14740.0,,,2.354e-05,0.2
1288,,,2.356e-05,14740.0,,,2.356e-05,0.4
1289,,,2.358e-05,14760.0,,,2.358e-05,0.2
1290,,,2.36e-05,14780.0,,,2.36e-05,0.4
1291,,,2.362e-05,14760.0,,,2.362e-05,0.2
1292,,,2.364e-05,14760.0,,,2.364e-05,0.2
1293,,,2.366e-05,14760.0,,,2.366e-05,0.0
1294,,,2.368e-05,14760.0,,,2.368e-05,0.2
1295,,,2.37e-05,14740.0,,,2.37e-05,0.2
1296,,,2.372e-05,14760.0,,,2.372e-05,0.0
1297,,,2.374e-05,14760.0,,,2.374e-05,0.2
1298,,,2.3760000000000003e-05,14760.0,,,2.3760000000000003e-05,0.2
1299,,,2.3780000000000003e-05,14760.0,,,2.3780000000000003e-05,0.4
1300,,,2.3800000000000003e-05,14780.0,,,2.3800000000000003e-05,0.4
1301,,,2.3820000000000002e-05,14760.0,,,2.3820000000000002e-05,0.4
1302,,,2.3840000000000002e-05,14760.0,,,2.3840000000000002e-05,0.2
1303,,,2.3860000000000002e-05,14740.0,,,2.3860000000000002e-05,0.2
1304,,,2.3880000000000002e-05,14760.0,,,2.3880000000000002e-05,0.2
1305,,,2.39e-05,14740.0,,,2.39e-05,0.4
1306,,,2.392e-05,14760.0,,,2.392e-05,0.6000000000000001
1307,,,2.394e-05,14760.0,,,2.394e-05,0.0
1308,,,2.396e-05,14780.0,,,2.396e-05,0.6000000000000001
1309,,,2.398e-05,14780.0,,,2.398e-05,0.4
1310,,,2.4e-05,14780.0,,,2.4e-05,0.4
1311,,,2.402e-05,14760.0,,,2.402e-05,0.0
1312,,,2.404e-05,14760.0,,,2.404e-05,-0.2
1313,,,2.406e-05,14780.0,,,2.406e-05,0.4
1314,,,2.408e-05,14780.0,,,2.408e-05,0.4
1315,,,2.41e-05,14760.0,,,2.41e-05,0.6000000000000001
1316,,,2.4120000000000003e-05,14740.0,,,2.4120000000000003e-05,0.2
1317,,,2.4140000000000003e-05,14780.0,,,2.4140000000000003e-05,0.2
1318,,,2.4160000000000002e-05,14760.0,,,2.4160000000000002e-05,0.4
1319,,,2.4180000000000002e-05,14780.0,,,2.4180000000000002e-05,0.4
1320,,,2.4200000000000002e-05,14780.0,,,2.4200000000000002e-05,0.4
1321,,,2.4220000000000002e-05,14760.0,,,2.4220000000000002e-05,0.4
1322,,,2.4240000000000002e-05,14780.0,,,2.4240000000000002e-05,0.4
1323,,,2.426e-05,14780.0,,,2.426e-05,0.4
1324,,,2.428e-05,14780.0,,,2.428e-05,0.4
1325,,,2.43e-05,14760.0,,,2.43e-05,0.4
1326,,,2.432e-05,14760.0,,,2.432e-05,0.4
1327,,,2.434e-05,14760.0,,,2.434e-05,0.2
1328,,,2.436e-05,14780.0,,,2.436e-05,0.4
1329,,,2.438e-05,14760.0,,,2.438e-05,0.4
1330,,,2.44e-05,14760.0,,,2.44e-05,0.4
1331,,,2.442e-05,14760.0,,,2.442e-05,0.2
1332,,,2.444e-05,14780.0,,,2.444e-05,0.4
1333,,,2.4460000000000003e-05,14780.0,,,2.4460000000000003e-05,0.4
1334,,,2.4480000000000003e-05,14760.0,,,2.4480000000000003e-05,0.4
1335,,,2.4500000000000003e-05,14800.0,,,2.4500000000000003e-05,0.4
1336,,,2.4520000000000002e-05,14760.0,,,2.4520000000000002e-05,0.0
1337,,,2.4540000000000002e-05,14780.0,,,2.4540000000000002e-05,0.2
1338,,,2.4560000000000002e-05,14780.0,,,2.4560000000000002e-05,0.4
1339,,,2.4580000000000002e-05,14780.0,,,2.4580000000000002e-05,0.4
1340,,,2.46e-05,14780.0,,,2.46e-05,0.2
1341,,,2.462e-05,14760.0,,,2.462e-05,0.2
1342,,,2.464e-05,14760.0,,,2.464e-05,0.4
1343,,,2.466e-05,14800.0,,,2.466e-05,0.0
1344,,,2.468e-05,14780.0,,,2.468e-05,0.0
1345,,,2.47e-05,14760.0,,,2.47e-05,0.4
1346,,,2.472e-05,14760.0,,,2.472e-05,0.4
1347,,,2.474e-05,14800.0,,,2.474e-05,0.4
1348,,,2.476e-05,14780.0,,,2.476e-05,0.4
1349,,,2.478e-05,14780.0,,,2.478e-05,0.2
1350,,,2.48e-05,14780.0,,,2.48e-05,0.4
1351,,,2.4820000000000003e-05,14780.0,,,2.4820000000000003e-05,0.4
1352,,,2.4840000000000003e-05,14760.0,,,2.4840000000000003e-05,0.2
1353,,,2.4860000000000003e-05,14760.0,,,2.4860000000000003e-05,0.4
1354,,,2.4880000000000002e-05,14760.0,,,2.4880000000000002e-05,0.0
1355,,,2.4900000000000002e-05,14780.0,,,2.4900000000000002e-05,0.4
1356,,,2.4920000000000002e-05,14760.0,,,2.4920000000000002e-05,0.6000000000000001
1357,,,2.4940000000000002e-05,14760.0,,,2.4940000000000002e-05,0.4
1358,,,2.496e-05,14740.0,,,2.496e-05,0.4
1359,,,2.498e-05,14760.0,,,2.498e-05,0.2
1360,,,2.5e-05,14780.0,,,2.5e-05,0.4
1361,,,2.502e-05,14800.0,,,2.502e-05,0.4
1362,,,2.504e-05,14760.0,,,2.504e-05,0.2
1363,,,2.506e-05,14760.0,,,2.506e-05,0.4
1364,,,2.508e-05,14780.0,,,2.508e-05,2.8000000000000003
1365,,,2.51e-05,14760.0,,,2.51e-05,0.6000000000000001
1366,,,2.512e-05,14760.0,,,2.512e-05,2.8000000000000003
1367,,,2.514e-05,14720.0,,,2.514e-05,4.4
1368,,,2.516e-05,14780.0,,,2.516e-05,4.6000000000000005
1369,,,2.5180000000000003e-05,14720.0,,,2.5180000000000003e-05,5.6000000000000005
1370,,,2.5200000000000003e-05,14700.0,,,2.5200000000000003e-05,3.0
1371,,,2.5220000000000002e-05,14720.0,,,2.5220000000000002e-05,2.2
1372,,,2.5240000000000002e-05,14700.0,,,2.5240000000000002e-05,1.6
1373,,,2.5260000000000002e-05,14700.0,,,2.5260000000000002e-05,0.6000000000000001
1374,,,2.5280000000000002e-05,14700.0,,,2.5280000000000002e-05,0.4
1375,,,2.5300000000000002e-05,14720.0,,,2.5300000000000002e-05,0.4
1376,,,2.532e-05,14720.0,,,2.532e-05,0.6000000000000001
1377,,,2.534e-05,14700.0,,,2.534e-05,0.4
1378,,,2.536e-05,14700.0,,,2.536e-05,0.4
1379,,,2.538e-05,14720.0,,,2.538e-05,0.0
1380,,,2.54e-05,14720.0,,,2.54e-05,0.0
1381,,,2.542e-05,14700.0,,,2.542e-05,0.6000000000000001
1382,,,2.544e-05,14700.0,,,2.544e-05,0.4
1383,,,2.546e-05,14720.0,,,2.546e-05,0.2
1384,,,2.548e-05,14720.0,,,2.548e-05,0.2
1385,,,2.55e-05,14700.0,,,2.55e-05,0.0
1386,,,2.5520000000000003e-05,14680.0,,,2.5520000000000003e-05,0.4
1387,,,2.5540000000000003e-05,14700.0,,,2.5540000000000003e-05,0.0
1388,,,2.5560000000000003e-05,14720.0,,,2.5560000000000003e-05,0.0
1389,,,2.5580000000000002e-05,14700.0,,,2.5580000000000002e-05,0.2
1390,,,2.5600000000000002e-05,14680.0,,,2.5600000000000002e-05,0.2
1391,,,2.5620000000000002e-05,14720.0,,,2.5620000000000002e-05,0.4
1392,,,2.5640000000000002e-05,14720.0,,,2.5640000000000002e-05,-0.2
1393,,,2.566e-05,14720.0,,,2.566e-05,0.2
1394,,,2.568e-05,14720.0,,,2.568e-05,0.0
1395,,,2.57e-05,14720.0,,,2.57e-05,0.2
1396,,,2.572e-05,14700.0,,,2.572e-05,0.2
1397,,,2.574e-05,14680.0,,,2.574e-05,0.2
1398,,,2.576e-05,14720.0,,,2.576e-05,0.4
1399,,,2.578e-05,14740.0,,,2.578e-05,0.0
1400,,,2.58e-05,14700.0,,,2.58e-05,0.4
1401,,,2.582e-05,14700.0,,,2.582e-05,0.0
1402,,,2.584e-05,14700.0,,,2.584e-05,0.0
1403,,,2.586e-05,14740.0,,,2.586e-05,0.2
1404,,,2.5880000000000003e-05,14700.0,,,2.5880000000000003e-05,0.2
1405,,,2.5900000000000003e-05,14700.0,,,2.5900000000000003e-05,0.2
1406,,,2.5920000000000003e-05,14680.0,,,2.5920000000000003e-05,0.0
1407,,,2.5940000000000002e-05,14700.0,,,2.5940000000000002e-05,0.0
1408,,,2.5960000000000002e-05,14700.0,,,2.5960000000000002e-05,0.4
1409,,,2.5980000000000002e-05,14720.0,,,2.5980000000000002e-05,0.0
1410,,,2.6000000000000002e-05,14700.0,,,2.6000000000000002e-05,0.2
1411,,,2.602e-05,14700.0,,,2.602e-05,0.0
1412,,,2.604e-05,14700.0,,,2.604e-05,0.2
1413,,,2.606e-05,14700.0,,,2.606e-05,0.0
1414,,,2.608e-05,14680.0,,,2.608e-05,0.2
1415,,,2.61e-05,14700.0,,,2.61e-05,0.0
1416,,,2.612e-05,14700.0,,,2.612e-05,0.2
1417,,,2.614e-05,14680.0,,,2.614e-05,0.4
1418,,,2.616e-05,14700.0,,,2.616e-05,0.4
1419,,,2.618e-05,14700.0,,,2.618e-05,0.2
1420,,,2.62e-05,14720.0,,,2.62e-05,0.0
1421,,,2.622e-05,14680.0,,,2.622e-05,0.2
1422,,,2.6240000000000003e-05,14700.0,,,2.6240000000000003e-05,0.2
1423,,,2.6260000000000003e-05,14700.0,,,2.6260000000000003e-05,0.2
1424,,,2.6280000000000002e-05,14660.0,,,2.6280000000000002e-05,0.2
1425,,,2.6300000000000002e-05,14700.0,,,2.6300000000000002e-05,0.0
1426,,,2.6320000000000002e-05,14680.0,,,2.6320000000000002e-05,0.4
1427,,,2.6340000000000002e-05,14700.0,,,2.6340000000000002e-05,0.2
1428,,,2.6360000000000002e-05,14700.0,,,2.6360000000000002e-05,0.2
1429,,,2.638e-05,14720.0,,,2.638e-05,0.4
1430,,,2.64e-05,14680.0,,,2.64e-05,0.0
1431,,,2.642e-05,14680.0,,,2.642e-05,0.4
1432,,,2.644e-05,14680.0,,,2.644e-05,0.2
1433,,,2.646e-05,14660.0,,,2.646e-05,0.2
1434,,,2.648e-05,14680.0,,,2.648e-05,0.2
1435,,,2.65e-05,14680.0,,,2.65e-05,0.2
1436,,,2.652e-05,14720.0,,,2.652e-05,0.2
1437,,,2.654e-05,14680.0,,,2.654e-05,0.2
1438,,,2.656e-05,14680.0,,,2.656e-05,0.2
1439,,,2.6580000000000003e-05,14700.0,,,2.6580000000000003e-05,-0.2
1440,,,2.6600000000000003e-05,14700.0,,,2.6600000000000003e-05,0.0
1441,,,2.6620000000000003e-05,14660.0,,,2.6620000000000003e-05,0.4
1442,,,2.6640000000000002e-05,14680.0,,,2.6640000000000002e-05,0.0
1443,,,2.6660000000000002e-05,14660.0,,,2.6660000000000002e-05,-0.2
1444,,,2.6680000000000002e-05,14680.0,,,2.6680000000000002e-05,0.2
1445,,,2.6700000000000002e-05,14660.0,,,2.6700000000000002e-05,0.2
1446,,,2.672e-05,14660.0,,,2.672e-05,0.2
1447,,,2.674e-05,14660.0,,,2.674e-05,0.0
1448,,,2.676e-05,14640.0,,,2.676e-05,0.0
1449,,,2.678e-05,14660.0,,,2.678e-05,0.2
1450,,,2.68e-05,14680.0,,,2.68e-05,0.4
1451,,,2.682e-05,14660.0,,,2.682e-05,0.2
1452,,,2.684e-05,14640.0,,,2.684e-05,0.2
1453,,,2.686e-05,14660.0,,,2.686e-05,-0.2
1454,,,2.688e-05,14680.0,,,2.688e-05,0.2
1455,,,2.69e-05,14680.0,,,2.69e-05,0.0
1456,,,2.692e-05,14640.0,,,2.692e-05,0.0
1457,,,2.6940000000000003e-05,14640.0,,,2.6940000000000003e-05,0.0
1458,,,2.6960000000000003e-05,14680.0,,,2.6960000000000003e-05,-0.4
1459,,,2.6980000000000003e-05,14640.0,,,2.6980000000000003e-05,0.0
1460,,,2.7000000000000002e-05,14660.0,,,2.7000000000000002e-05,0.2
1461,,,2.7020000000000002e-05,14660.0,,,2.7020000000000002e-05,0.2
1462,,,2.7040000000000002e-05,14640.0,,,2.7040000000000002e-05,0.0
1463,,,2.7060000000000002e-05,14660.0,,,2.7060000000000002e-05,-0.2
1464,,,2.708e-05,14640.0,,,2.708e-05,0.2
1465,,,2.71e-05,14660.0,,,2.71e-05,0.2
1466,,,2.712e-05,14640.0,,,2.712e-05,0.4
1467,,,2.714e-05,14660.0,,,2.714e-05,0.2
1468,,,2.716e-05,14640.0,,,2.716e-05,0.2
1469,,,2.718e-05,14660.0,,,2.718e-05,0.0
1470,,,2.72e-05,14620.0,,,2.72e-05,0.2
1471,,,2.722e-05,14600.0,,,2.722e-05,0.0
1472,,,2.724e-05,14660.0,,,2.724e-05,0.2
1473,,,2.726e-05,14640.0,,,2.726e-05,0.0
1474,,,2.728e-05,14660.0,,,2.728e-05,0.2
1475,,,2.7300000000000003e-05,14640.0,,,2.7300000000000003e-05,0.2
1476,,,2.7320000000000003e-05,14640.0,,,2.7320000000000003e-05,0.4
1477,,,2.7340000000000003e-05,14660.0,,,2.7340000000000003e-05,0.2
1478,,,2.7360000000000002e-05,14640.0,,,2.7360000000000002e-05,0.0
1479,,,2.7380000000000002e-05,14680.0,,,2.7380000000000002e-05,0.0
1480,,,2.7400000000000002e-05,14660.0,,,2.7400000000000002e-05,0.4
1481,,,2.7420000000000002e-05,14640.0,,,2.7420000000000002e-05,0.2
1482,,,2.744e-05,14620.0,,,2.744e-05,0.0
1483,,,2.746e-05,14640.0,,,2.746e-05,0.2
1484,,,2.748e-05,14640.0,,,2.748e-05,0.4
1485,,,2.75e-05,14600.0,,,2.75e-05,0.2
1486,,,2.752e-05,14620.0,,,2.752e-05,0.0
1487,,,2.754e-05,14640.0,,,2.754e-05,0.0
1488,,,2.756e-05,14640.0,,,2.756e-05,0.2
1489,,,2.758e-05,14600.0,,,2.758e-05,0.0
1490,,,2.76e-05,14640.0,,,2.76e-05,0.2
1491,,,2.762e-05,14620.0,,,2.762e-05,0.0
1492,,,2.7640000000000003e-05,14620.0,,,2.7640000000000003e-05,0.2
1493,,,2.7660000000000003e-05,14620.0,,,2.7660000000000003e-05,0.2
1494,,,2.7680000000000003e-05,14640.0,,,2.7680000000000003e-05,0.0
1495,,,2.7700000000000002e-05,14620.0,,,2.7700000000000002e-05,0.2
1496,,,2.7720000000000002e-05,14620.0,,,2.7720000000000002e-05,0.2
1497,,,2.7740000000000002e-05,14620.0,,,2.7740000000000002e-05,0.2
1498,,,2.7760000000000002e-05,14620.0,,,2.7760000000000002e-05,0.0
1499,,,2.778e-05,14600.0,,,2.778e-05,0.2
1500,,,2.78e-05,14620.0,,,2.78e-05,-0.4
1501,,,2.782e-05,14580.0,,,2.782e-05,0.2
1502,,,2.784e-05,14620.0,,,2.784e-05,0.0
1503,,,2.786e-05,14620.0,,,2.786e-05,0.0
1504,,,2.788e-05,14600.0,,,2.788e-05,0.0
1505,,,2.79e-05,14600.0,,,2.79e-05,0.0
1506,,,2.792e-05,14600.0,,,2.792e-05,0.2
1507,,,2.794e-05,14620.0,,,2.794e-05,0.0
1508,,,2.796e-05,14620.0,,,2.796e-05,0.2
1509,,,2.798e-05,14580.0,,,2.798e-05,0.0
1510,,,2.8000000000000003e-05,14620.0,,,2.8000000000000003e-05,-0.2
1511,,,2.8020000000000003e-05,14620.0,,,2.8020000000000003e-05,0.2
1512,,,2.8040000000000003e-05,14600.0,,,2.8040000000000003e-05,0.0
1513,,,2.8060000000000002e-05,14600.0,,,2.8060000000000002e-05,0.2
1514,,,2.8080000000000002e-05,14580.0,,,2.8080000000000002e-05,0.0
1515,,,2.8100000000000002e-05,14580.0,,,2.8100000000000002e-05,0.0
1516,,,2.8120000000000002e-05,14580.0,,,2.8120000000000002e-05,0.0
1517,,,2.814e-05,14580.0,,,2.814e-05,0.4
1518,,,2.816e-05,14580.0,,,2.816e-05,0.2
1519,,,2.818e-05,14580.0,,,2.818e-05,0.2
1520,,,2.82e-05,14580.0,,,2.82e-05,-0.2
1521,,,2.822e-05,14620.0,,,2.822e-05,0.2
1522,,,2.824e-05,14580.0,,,2.824e-05,0.2
1523,,,2.826e-05,14600.0,,,2.826e-05,0.2
1524,,,2.828e-05,14580.0,,,2.828e-05,-0.2
1525,,,2.83e-05,14560.0,,,2.83e-05,-0.2
1526,,,2.832e-05,14600.0,,,2.832e-05,-0.2
1527,,,2.8340000000000003e-05,14560.0,,,2.8340000000000003e-05,0.0
1528,,,2.836e-05,14580.0,,,2.836e-05,0.0
1529,,,2.8380000000000003e-05,14580.0,,,2.8380000000000003e-05,0.0
1530,,,2.84e-05,14580.0,,,2.84e-05,0.0
1531,,,2.8420000000000002e-05,14600.0,,,2.8420000000000002e-05,0.0
1532,,,2.844e-05,14560.0,,,2.844e-05,0.4
1533,,,2.8460000000000002e-05,14540.0,,,2.8460000000000002e-05,0.2
1534,,,2.848e-05,14560.0,,,2.848e-05,0.0
1535,,,2.85e-05,14560.0,,,2.85e-05,0.0
1536,,,2.8520000000000005e-05,14580.0,,,2.8520000000000005e-05,0.2
1537,,,2.854e-05,14540.0,,,2.854e-05,0.0
1538,,,2.8560000000000004e-05,14560.0,,,2.8560000000000004e-05,-0.2
1539,,,2.858e-05,14560.0,,,2.858e-05,0.0
1540,,,2.8600000000000004e-05,14560.0,,,2.8600000000000004e-05,-0.2
1541,,,2.862e-05,14540.0,,,2.862e-05,-0.2
1542,,,2.8640000000000004e-05,14540.0,,,2.8640000000000004e-05,0.0
1543,,,2.866e-05,14540.0,,,2.866e-05,0.2
1544,,,2.8680000000000003e-05,14540.0,,,2.8680000000000003e-05,0.0
1545,,,2.87e-05,14540.0,,,2.87e-05,0.2
1546,,,2.8720000000000003e-05,14520.0,,,2.8720000000000003e-05,0.0
1547,,,2.874e-05,14560.0,,,2.874e-05,-0.4
1548,,,2.8760000000000002e-05,14560.0,,,2.8760000000000002e-05,-0.2
1549,,,2.878e-05,14520.0,,,2.878e-05,0.0
1550,,,2.8800000000000002e-05,14540.0,,,2.8800000000000002e-05,0.0
1551,,,2.882e-05,14520.0,,,2.882e-05,-0.2
1552,,,2.8840000000000002e-05,14540.0,,,2.8840000000000002e-05,-0.4
1553,,,2.8859999999999998e-05,14520.0,,,2.8859999999999998e-05,0.0
1554,,,2.888e-05,14520.0,,,2.888e-05,0.2
1555,,,2.8900000000000005e-05,14520.0,,,2.8900000000000005e-05,0.0
1556,,,2.892e-05,14500.0,,,2.892e-05,-0.2
1557,,,2.8940000000000004e-05,14520.0,,,2.8940000000000004e-05,-0.2
1558,,,2.896e-05,14520.0,,,2.896e-05,0.0
1559,,,2.8980000000000004e-05,14520.0,,,2.8980000000000004e-05,-0.2
1560,,,2.9e-05,14500.0,,,2.9e-05,0.2
1561,,,2.9020000000000003e-05,14520.0,,,2.9020000000000003e-05,-0.2
1562,,,2.904e-05,14540.0,,,2.904e-05,-0.2
1563,,,2.9060000000000003e-05,14480.0,,,2.9060000000000003e-05,-0.2
1564,,,2.908e-05,14520.0,,,2.908e-05,0.0
1565,,,2.9100000000000003e-05,14480.0,,,2.9100000000000003e-05,0.0
1566,,,2.912e-05,14520.0,,,2.912e-05,-0.2
1567,,,2.9140000000000002e-05,14500.0,,,2.9140000000000002e-05,0.0
1568,,,2.916e-05,14520.0,,,2.916e-05,0.0
1569,,,2.9180000000000002e-05,14500.0,,,2.9180000000000002e-05,0.2
1570,,,2.9199999999999998e-05,14460.0,,,2.9199999999999998e-05,0.0
1571,,,2.922e-05,14480.0,,,2.922e-05,-0.2
1572,,,2.9240000000000005e-05,14480.0,,,2.9240000000000005e-05,-0.2
1573,,,2.926e-05,14520.0,,,2.926e-05,0.2
1574,,,2.9280000000000004e-05,14480.0,,,2.9280000000000004e-05,0.2
1575,,,2.93e-05,14460.0,,,2.93e-05,0.0
1576,,,2.9320000000000004e-05,14500.0,,,2.9320000000000004e-05,0.2
1577,,,2.934e-05,14500.0,,,2.934e-05,0.0
1578,,,2.9360000000000003e-05,14480.0,,,2.9360000000000003e-05,-0.2
1579,,,2.938e-05,14480.0,,,2.938e-05,0.0
1580,,,2.9400000000000003e-05,14480.0,,,2.9400000000000003e-05,0.2
1581,,,2.942e-05,14480.0,,,2.942e-05,0.0
1582,,,2.9440000000000003e-05,14480.0,,,2.9440000000000003e-05,0.0
1583,,,2.946e-05,14460.0,,,2.946e-05,0.0
1584,,,2.9480000000000002e-05,14460.0,,,2.9480000000000002e-05,0.0
1585,,,2.95e-05,14440.0,,,2.95e-05,0.0
1586,,,2.9520000000000002e-05,14460.0,,,2.9520000000000002e-05,0.2
1587,,,2.954e-05,14460.0,,,2.954e-05,-0.2
1588,,,2.956e-05,14440.0,,,2.956e-05,0.0
1589,,,2.9580000000000005e-05,14440.0,,,2.9580000000000005e-05,0.0
1590,,,2.96e-05,14460.0,,,2.96e-05,-0.2
1591,,,2.9620000000000004e-05,14440.0,,,2.9620000000000004e-05,0.0
1592,,,2.964e-05,14440.0,,,2.964e-05,0.0
1593,,,2.9660000000000004e-05,14440.0,,,2.9660000000000004e-05,0.2
1594,,,2.968e-05,14440.0,,,2.968e-05,-0.2
1595,,,2.9700000000000004e-05,14440.0,,,2.9700000000000004e-05,0.0
1596,,,2.972e-05,14440.0,,,2.972e-05,0.2
1597,,,2.9740000000000003e-05,14440.0,,,2.9740000000000003e-05,0.0
1598,,,2.976e-05,14420.0,,,2.976e-05,-0.2
1599,,,2.9780000000000003e-05,14440.0,,,2.9780000000000003e-05,-0.4
1600,,,2.98e-05,14440.0,,,2.98e-05,0.0
1601,,,2.9820000000000002e-05,14420.0,,,2.9820000000000002e-05,0.2
1602,,,2.984e-05,14420.0,,,2.984e-05,-0.2
1603,,,2.9860000000000002e-05,14400.0,,,2.9860000000000002e-05,-0.2
1604,,,2.988e-05,14420.0,,,2.988e-05,-0.2
1605,,,2.9900000000000002e-05,14420.0,,,2.9900000000000002e-05,0.0
1606,,,2.9919999999999998e-05,14440.0,,,2.9919999999999998e-05,0.0
1607,,,2.994e-05,14440.0,,,2.994e-05,0.0
1608,,,2.9960000000000005e-05,14400.0,,,2.9960000000000005e-05,0.0
1609,,,2.998e-05,14420.0,,,2.998e-05,-0.4
1610,,,3.0000000000000004e-05,14400.0,,,3.0000000000000004e-05,0.0
1611,,,3.002e-05,14420.0,,,3.002e-05,0.0
1612,,,3.0040000000000004e-05,14420.0,,,3.0040000000000004e-05,0.0
1613,,,3.006e-05,14420.0,,,3.006e-05,-0.4
1614,,,3.0080000000000003e-05,14400.0,,,3.0080000000000003e-05,0.0
1615,,,3.01e-05,14400.0,,,3.01e-05,0.2
1616,,,3.0120000000000003e-05,14400.0,,,3.0120000000000003e-05,0.0
1617,,,3.014e-05,14400.0,,,3.014e-05,-0.2
1618,,,3.0160000000000003e-05,14400.0,,,3.0160000000000003e-05,0.2
1619,,,3.018e-05,14380.0,,,3.018e-05,-0.2
1620,,,3.0200000000000002e-05,14400.0,,,3.0200000000000002e-05,0.0
1621,,,3.022e-05,14380.0,,,3.022e-05,0.2
1622,,,3.0240000000000002e-05,14360.0,,,3.0240000000000002e-05,0.0
1623,,,3.0259999999999998e-05,14380.0,,,3.0259999999999998e-05,0.0
1624,,,3.028e-05,14360.0,,,3.028e-05,0.0
1625,,,3.0300000000000005e-05,14380.0,,,3.0300000000000005e-05,-0.2
1626,,,3.032e-05,14380.0,,,3.032e-05,-0.2
1627,,,3.0340000000000004e-05,14360.0,,,3.0340000000000004e-05,0.0
1628,,,3.036e-05,14380.0,,,3.036e-05,-0.2
1629,,,3.0380000000000004e-05,14360.0,,,3.0380000000000004e-05,0.2
1630,,,3.04e-05,14360.0,,,3.04e-05,0.0
1631,,,3.0420000000000004e-05,14340.0,,,3.0420000000000004e-05,-0.2
1632,,,3.044e-05,14360.0,,,3.044e-05,0.0
1633,,,3.0460000000000003e-05,14360.0,,,3.0460000000000003e-05,-0.2
1634,,,3.048e-05,14340.0,,,3.048e-05,-0.2
1635,,,3.0500000000000003e-05,14380.0,,,3.0500000000000003e-05,-0.2
1636,,,3.052e-05,14340.0,,,3.052e-05,0.0
1637,,,3.054e-05,14340.0,,,3.054e-05,-0.4
1638,,,3.056e-05,14340.0,,,3.056e-05,0.0
1639,,,3.058e-05,14320.0,,,3.058e-05,0.0
1640,,,3.06e-05,14360.0,,,3.06e-05,0.0
1641,,,3.062e-05,14320.0,,,3.062e-05,-0.2
1642,,,3.0640000000000005e-05,14320.0,,,3.0640000000000005e-05,0.0
1643,,,3.066e-05,14340.0,,,3.066e-05,-0.2
1644,,,3.0680000000000004e-05,14340.0,,,3.0680000000000004e-05,0.0
1645,,,3.07e-05,14320.0,,,3.07e-05,-0.2
1646,,,3.0720000000000004e-05,14320.0,,,3.0720000000000004e-05,-0.2
1647,,,3.074e-05,14320.0,,,3.074e-05,0.0
1648,,,3.0760000000000004e-05,14300.0,,,3.0760000000000004e-05,-0.2
1649,,,3.078e-05,14320.0,,,3.078e-05,0.2
1650,,,3.08e-05,14320.0,,,3.08e-05,-0.2
1651,,,3.082e-05,14300.0,,,3.082e-05,-0.2
1652,,,3.084e-05,14280.0,,,3.084e-05,-0.2
1653,,,3.086e-05,14280.0,,,3.086e-05,0.0
1654,,,3.088e-05,14300.0,,,3.088e-05,-0.2
1655,,,3.09e-05,14280.0,,,3.09e-05,0.0
1656,,,3.092e-05,14280.0,,,3.092e-05,-0.4
1657,,,3.094e-05,14260.0,,,3.094e-05,0.0
1658,,,3.096e-05,14260.0,,,3.096e-05,-0.2
1659,,,3.098e-05,14260.0,,,3.098e-05,-0.2
1660,,,3.1e-05,14280.0,,,3.1e-05,0.0
1661,,,3.1020000000000005e-05,14280.0,,,3.1020000000000005e-05,-0.2
1662,,,3.104e-05,14260.0,,,3.104e-05,-0.2
1663,,,3.1060000000000004e-05,14260.0,,,3.1060000000000004e-05,0.0
1664,,,3.108e-05,14260.0,,,3.108e-05,0.0
1665,,,3.1100000000000004e-05,14280.0,,,3.1100000000000004e-05,-0.4
1666,,,3.112e-05,14240.0,,,3.112e-05,-0.2
1667,,,3.1140000000000003e-05,14260.0,,,3.1140000000000003e-05,-0.2
1668,,,3.116e-05,14240.0,,,3.116e-05,0.0
1669,,,3.118e-05,14260.0,,,3.118e-05,0.0
1670,,,3.12e-05,14240.0,,,3.12e-05,-0.2
1671,,,3.122e-05,14240.0,,,3.122e-05,-0.4
1672,,,3.124e-05,14240.0,,,3.124e-05,0.0
1673,,,3.126e-05,14240.0,,,3.126e-05,0.0
1674,,,3.128e-05,14220.0,,,3.128e-05,0.0
1675,,,3.13e-05,14240.0,,,3.13e-05,0.2
1676,,,3.132e-05,14240.0,,,3.132e-05,0.0
1677,,,3.134e-05,14240.0,,,3.134e-05,-0.2
1678,,,3.1360000000000005e-05,14240.0,,,3.1360000000000005e-05,0.0
1679,,,3.138e-05,14220.0,,,3.138e-05,-0.2
1680,,,3.1400000000000004e-05,14220.0,,,3.1400000000000004e-05,0.0
1681,,,3.142e-05,14220.0,,,3.142e-05,-0.2
1682,,,3.1440000000000004e-05,14220.0,,,3.1440000000000004e-05,-0.2
1683,,,3.146e-05,14200.0,,,3.146e-05,0.0
1684,,,3.1480000000000004e-05,14220.0,,,3.1480000000000004e-05,-0.2
1685,,,3.15e-05,14200.0,,,3.15e-05,-0.2
1686,,,3.152e-05,14200.0,,,3.152e-05,-0.2
1687,,,3.154e-05,14200.0,,,3.154e-05,0.0
1688,,,3.156e-05,14180.0,,,3.156e-05,-0.2
1689,,,3.158e-05,14200.0,,,3.158e-05,-0.4
1690,,,3.16e-05,14180.0,,,3.16e-05,0.0
1691,,,3.162e-05,14200.0,,,3.162e-05,-0.2
1692,,,3.164e-05,14180.0,,,3.164e-05,-0.2
1693,,,3.166e-05,14180.0,,,3.166e-05,-0.2
1694,,,3.168e-05,14180.0,,,3.168e-05,-0.2
1695,,,3.1700000000000005e-05,14200.0,,,3.1700000000000005e-05,-0.2
1696,,,3.172e-05,14180.0,,,3.172e-05,-0.4
1697,,,3.1740000000000004e-05,14160.0,,,3.1740000000000004e-05,-0.2
1698,,,3.176e-05,14180.0,,,3.176e-05,-0.6000000000000001
1699,,,3.1780000000000004e-05,14140.0,,,3.1780000000000004e-05,-0.2
1700,,,3.18e-05,14180.0,,,3.18e-05,0.0
1701,,,3.1820000000000004e-05,14140.0,,,3.1820000000000004e-05,-0.4
1702,,,3.184e-05,14140.0,,,3.184e-05,-0.2
1703,,,3.186e-05,14140.0,,,3.186e-05,-0.6000000000000001
1704,,,3.188e-05,14140.0,,,3.188e-05,-0.4
1705,,,3.19e-05,14140.0,,,3.19e-05,-0.2
1706,,,3.192e-05,14140.0,,,3.192e-05,0.0
1707,,,3.194e-05,14140.0,,,3.194e-05,-0.4
1708,,,3.196e-05,14140.0,,,3.196e-05,-0.6000000000000001
1709,,,3.198e-05,14140.0,,,3.198e-05,0.0
1710,,,3.2e-05,14140.0,,,3.2e-05,-0.4
1711,,,3.202e-05,14120.0,,,3.202e-05,-0.2
1712,,,3.204e-05,14120.0,,,3.204e-05,-0.4
1713,,,3.206e-05,14100.0,,,3.206e-05,-0.4
1714,,,3.2080000000000005e-05,14120.0,,,3.2080000000000005e-05,0.0
1715,,,3.21e-05,14120.0,,,3.21e-05,0.0
1716,,,3.2120000000000004e-05,14100.0,,,3.2120000000000004e-05,-0.2
1717,,,3.214e-05,14120.0,,,3.214e-05,-0.4
1718,,,3.2160000000000004e-05,14120.0,,,3.2160000000000004e-05,-0.2
1719,,,3.218e-05,14100.0,,,3.218e-05,0.0
1720,,,3.2200000000000003e-05,14100.0,,,3.2200000000000003e-05,-0.2
1721,,,3.222e-05,14080.0,,,3.222e-05,0.0
1722,,,3.224e-05,14100.0,,,3.224e-05,-0.2
1723,,,3.226e-05,14080.0,,,3.226e-05,-0.2
1724,,,3.228e-05,14120.0,,,3.228e-05,-0.2
1725,,,3.23e-05,14100.0,,,3.23e-05,-0.2
1726,,,3.232e-05,14080.0,,,3.232e-05,0.0
1727,,,3.234e-05,14080.0,,,3.234e-05,-0.2
1728,,,3.236e-05,14080.0,,,3.236e-05,-0.2
1729,,,3.238e-05,14080.0,,,3.238e-05,-0.4
1730,,,3.24e-05,14080.0,,,3.24e-05,-0.4
1731,,,3.2420000000000005e-05,14080.0,,,3.2420000000000005e-05,-0.2
1732,,,3.244e-05,14060.0,,,3.244e-05,-0.2
1733,,,3.2460000000000004e-05,14060.0,,,3.2460000000000004e-05,0.0
1734,,,3.248e-05,14060.0,,,3.248e-05,0.0
1735,,,3.2500000000000004e-05,14060.0,,,3.2500000000000004e-05,-0.2
1736,,,3.252e-05,14060.0,,,3.252e-05,-0.6000000000000001
1737,,,3.2540000000000004e-05,14040.0,,,3.2540000000000004e-05,-0.2
1738,,,3.256e-05,14040.0,,,3.256e-05,-0.2
1739,,,3.258e-05,14040.0,,,3.258e-05,-0.4
1740,,,3.26e-05,14040.0,,,3.26e-05,-0.4
1741,,,3.262e-05,14020.0,,,3.262e-05,-0.4
1742,,,3.264e-05,14020.0,,,3.264e-05,-0.2
1743,,,3.266e-05,14020.0,,,3.266e-05,-0.2
1744,,,3.268e-05,14040.0,,,3.268e-05,-0.6000000000000001
1745,,,3.27e-05,14020.0,,,3.27e-05,-0.4
1746,,,3.272e-05,14000.0,,,3.272e-05,-0.2
1747,,,3.274e-05,13980.0,,,3.274e-05,-0.2
1748,,,3.2760000000000005e-05,14000.0,,,3.2760000000000005e-05,-0.2
1749,,,3.278e-05,13980.0,,,3.278e-05,-0.2
1750,,,3.2800000000000004e-05,14000.0,,,3.2800000000000004e-05,-0.6000000000000001
1751,,,3.282e-05,14000.0,,,3.282e-05,-0.4
1752,,,3.2840000000000004e-05,14000.0,,,3.2840000000000004e-05,-0.2
1753,,,3.286e-05,13960.0,,,3.286e-05,-0.4
1754,,,3.2880000000000004e-05,13980.0,,,3.2880000000000004e-05,-0.4
1755,,,3.29e-05,13980.0,,,3.29e-05,-0.4
1756,,,3.292e-05,13980.0,,,3.292e-05,-0.2
1757,,,3.294e-05,13980.0,,,3.294e-05,-0.2
1758,,,3.296e-05,13940.0,,,3.296e-05,0.0
1759,,,3.298e-05,14000.0,,,3.298e-05,-0.2
1760,,,3.3e-05,13980.0,,,3.3e-05,-0.6000000000000001
1761,,,3.302e-05,13940.0,,,3.302e-05,-0.2
1762,,,3.304e-05,13980.0,,,3.304e-05,0.0
1763,,,3.306e-05,13960.0,,,3.306e-05,-0.2
1764,,,3.308e-05,13940.0,,,3.308e-05,-0.4
1765,,,3.31e-05,13940.0,,,3.31e-05,-0.4
1766,,,3.312e-05,13920.0,,,3.312e-05,0.0
1767,,,3.3140000000000005e-05,13940.0,,,3.3140000000000005e-05,-0.4
1768,,,3.316e-05,13940.0,,,3.316e-05,-0.4
1769,,,3.3180000000000004e-05,13940.0,,,3.3180000000000004e-05,-0.4
1770,,,3.32e-05,13920.0,,,3.32e-05,-0.2
1771,,,3.3220000000000004e-05,13920.0,,,3.3220000000000004e-05,-0.4
1772,,,3.324e-05,13940.0,,,3.324e-05,0.0
1773,,,3.3260000000000003e-05,13900.0,,,3.3260000000000003e-05,-0.4
1774,,,3.328e-05,13900.0,,,3.328e-05,-0.2
1775,,,3.33e-05,13920.0,,,3.33e-05,-0.2
1776,,,3.332e-05,13900.0,,,3.332e-05,-0.4
1777,,,3.334e-05,13880.0,,,3.334e-05,-0.2
1778,,,3.336e-05,13900.0,,,3.336e-05,-0.4
1779,,,3.338e-05,13900.0,,,3.338e-05,-0.2
1780,,,3.34e-05,13900.0,,,3.34e-05,-0.4
1781,,,3.342e-05,13900.0,,,3.342e-05,-0.4
1782,,,3.344e-05,13840.0,,,3.344e-05,-0.2
1783,,,3.346e-05,13880.0,,,3.346e-05,0.0
1784,,,3.3480000000000005e-05,13880.0,,,3.3480000000000005e-05,-0.4
1785,,,3.35e-05,13900.0,,,3.35e-05,-0.4
1786,,,3.3520000000000004e-05,13860.0,,,3.3520000000000004e-05,-0.2
1787,,,3.354e-05,13860.0,,,3.354e-05,-0.2
1788,,,3.3560000000000004e-05,13880.0,,,3.3560000000000004e-05,-0.6000000000000001
1789,,,3.358e-05,13860.0,,,3.358e-05,-0.2
1790,,,3.3600000000000004e-05,13880.0,,,3.3600000000000004e-05,-0.2
1791,,,3.362e-05,13860.0,,,3.362e-05,-0.4
1792,,,3.364e-05,13860.0,,,3.364e-05,-0.2
1793,,,3.366e-05,13840.0,,,3.366e-05,-0.2
1794,,,3.368e-05,13860.0,,,3.368e-05,-0.2
1795,,,3.37e-05,13820.0,,,3.37e-05,-0.4
1796,,,3.372e-05,13840.0,,,3.372e-05,-0.2
1797,,,3.374e-05,13840.0,,,3.374e-05,-0.6000000000000001
1798,,,3.376e-05,13820.0,,,3.376e-05,-0.2
1799,,,3.378e-05,13840.0,,,3.378e-05,-0.2
1800,,,3.38e-05,13800.0,,,3.38e-05,-0.2
1801,,,3.3820000000000005e-05,13820.0,,,3.3820000000000005e-05,-0.4
1802,,,3.384e-05,13780.0,,,3.384e-05,-0.6000000000000001
1803,,,3.3860000000000004e-05,13800.0,,,3.3860000000000004e-05,-0.2
1804,,,3.388e-05,13800.0,,,3.388e-05,-0.4
1805,,,3.3900000000000004e-05,13820.0,,,3.3900000000000004e-05,-0.4
1806,,,3.392e-05,13800.0,,,3.392e-05,-0.4
1807,,,3.3940000000000004e-05,13800.0,,,3.3940000000000004e-05,-0.6000000000000001
1808,,,3.396e-05,13800.0,,,3.396e-05,-0.4
1809,,,3.398e-05,13780.0,,,3.398e-05,-0.2
1810,,,3.4e-05,13820.0,,,3.4e-05,-0.2
1811,,,3.402e-05,13780.0,,,3.402e-05,-0.2
1812,,,3.404e-05,13740.0,,,3.404e-05,-0.4
1813,,,3.406e-05,13760.0,,,3.406e-05,-0.2
1814,,,3.408e-05,13800.0,,,3.408e-05,-0.2
1815,,,3.41e-05,13760.0,,,3.41e-05,-0.2
1816,,,3.412e-05,13800.0,,,3.412e-05,-0.4
1817,,,3.414e-05,13760.0,,,3.414e-05,-0.2
1818,,,3.416e-05,13760.0,,,3.416e-05,-0.4
1819,,,3.418e-05,13760.0,,,3.418e-05,-0.2
1820,,,3.4200000000000005e-05,13740.0,,,3.4200000000000005e-05,-0.4
1821,,,3.422e-05,13760.0,,,3.422e-05,-0.2
1822,,,3.4240000000000004e-05,13720.0,,,3.4240000000000004e-05,-0.4
1823,,,3.426e-05,13720.0,,,3.426e-05,-0.4
1824,,,3.4280000000000004e-05,13740.0,,,3.4280000000000004e-05,-0.2
1825,,,3.43e-05,13740.0,,,3.43e-05,-0.2
1826,,,3.4320000000000003e-05,13740.0,,,3.4320000000000003e-05,-0.2
1827,,,3.434e-05,13720.0,,,3.434e-05,-0.2
1828,,,3.436e-05,13740.0,,,3.436e-05,0.0
1829,,,3.438e-05,13700.0,,,3.438e-05,-0.4
1830,,,3.44e-05,13700.0,,,3.44e-05,-0.2
1831,,,3.442e-05,13700.0,,,3.442e-05,-0.4
1832,,,3.444e-05,13700.0,,,3.444e-05,-0.4
1833,,,3.446e-05,13700.0,,,3.446e-05,-0.2
1834,,,3.448e-05,13680.0,,,3.448e-05,0.0
1835,,,3.45e-05,13680.0,,,3.45e-05,-0.6000000000000001
1836,,,3.452e-05,13700.0,,,3.452e-05,-0.4
1837,,,3.4540000000000005e-05,13660.0,,,3.4540000000000005e-05,-0.2
1838,,,3.456e-05,13680.0,,,3.456e-05,-0.4
1839,,,3.4580000000000004e-05,13660.0,,,3.4580000000000004e-05,-0.4
1840,,,3.46e-05,13680.0,,,3.46e-05,-0.4
1841,,,3.4620000000000004e-05,13640.0,,,3.4620000000000004e-05,-0.2
1842,,,3.464e-05,13680.0,,,3.464e-05,0.0
1843,,,3.4660000000000004e-05,13660.0,,,3.4660000000000004e-05,-0.2
1844,,,3.468e-05,13660.0,,,3.468e-05,-0.6000000000000001
1845,,,3.47e-05,13640.0,,,3.47e-05,-0.6000000000000001
1846,,,3.472e-05,13620.0,,,3.472e-05,-0.6000000000000001
1847,,,3.474e-05,13680.0,,,3.474e-05,-0.2
1848,,,3.476e-05,13640.0,,,3.476e-05,-0.4
1849,,,3.478e-05,13620.0,,,3.478e-05,-0.6000000000000001
1850,,,3.48e-05,13620.0,,,3.48e-05,-0.2
1851,,,3.482e-05,13600.0,,,3.482e-05,-0.2
1852,,,3.484e-05,13620.0,,,3.484e-05,-0.2
1853,,,3.486e-05,13600.0,,,3.486e-05,-0.4
1854,,,3.4880000000000005e-05,13600.0,,,3.4880000000000005e-05,-0.6000000000000001
1855,,,3.49e-05,13600.0,,,3.49e-05,-0.2
1856,,,3.4920000000000004e-05,13620.0,,,3.4920000000000004e-05,-0.4
1857,,,3.494e-05,13580.0,,,3.494e-05,-0.4
1858,,,3.4960000000000004e-05,13580.0,,,3.4960000000000004e-05,-0.4
1859,,,3.498e-05,13580.0,,,3.498e-05,-0.6000000000000001
1860,,,3.5000000000000004e-05,13580.0,,,3.5000000000000004e-05,-0.4
1861,,,3.502e-05,13600.0,,,3.502e-05,-0.2
1862,,,3.504e-05,13580.0,,,3.504e-05,-0.2
1863,,,3.506e-05,13560.0,,,3.506e-05,-0.4
1864,,,3.508e-05,13560.0,,,3.508e-05,-0.4
1865,,,3.51e-05,13580.0,,,3.51e-05,-0.2
1866,,,3.512e-05,13540.0,,,3.512e-05,-0.2
1867,,,3.514e-05,13520.0,,,3.514e-05,-0.2
1868,,,3.516e-05,13560.0,,,3.516e-05,-0.6000000000000001
1869,,,3.518e-05,13540.0,,,3.518e-05,-0.4
1870,,,3.52e-05,13560.0,,,3.52e-05,-0.4
1871,,,3.522e-05,13520.0,,,3.522e-05,-0.4
1872,,,3.524e-05,13560.0,,,3.524e-05,-0.4
1873,,,3.5260000000000005e-05,13540.0,,,3.5260000000000005e-05,-0.4
1874,,,3.528e-05,13520.0,,,3.528e-05,-0.4
1875,,,3.5300000000000004e-05,13520.0,,,3.5300000000000004e-05,-0.8
1876,,,3.532e-05,13520.0,,,3.532e-05,-0.2
1877,,,3.5340000000000004e-05,13520.0,,,3.5340000000000004e-05,-0.4
1878,,,3.536e-05,13480.0,,,3.536e-05,-0.4
1879,,,3.5380000000000003e-05,13480.0,,,3.5380000000000003e-05,-0.2
1880,,,3.54e-05,13480.0,,,3.54e-05,-0.4
1881,,,3.542e-05,13480.0,,,3.542e-05,-0.4
1882,,,3.544e-05,13480.0,,,3.544e-05,-0.4
1883,,,3.546e-05,13500.0,,,3.546e-05,-0.4
1884,,,3.548e-05,13500.0,,,3.548e-05,-0.6000000000000001
1885,,,3.55e-05,13440.0,,,3.55e-05,-0.4
1886,,,3.552e-05,13480.0,,,3.552e-05,-0.4
1887,,,3.554e-05,13460.0,,,3.554e-05,-0.6000000000000001
1888,,,3.556e-05,13460.0,,,3.556e-05,-0.6000000000000001
1889,,,3.558e-05,13460.0,,,3.558e-05,-0.4
1890,,,3.5600000000000005e-05,13460.0,,,3.5600000000000005e-05,-0.4
1891,,,3.562e-05,13460.0,,,3.562e-05,-0.6000000000000001
1892,,,3.5640000000000004e-05,13460.0,,,3.5640000000000004e-05,-0.4
1893,,,3.566e-05,13460.0,,,3.566e-05,-0.4
1894,,,3.5680000000000004e-05,13460.0,,,3.5680000000000004e-05,-0.2
1895,,,3.57e-05,13440.0,,,3.57e-05,-0.6000000000000001
1896,,,3.5720000000000004e-05,13440.0,,,3.5720000000000004e-05,-0.8
1897,,,3.574e-05,13400.0,,,3.574e-05,-0.6000000000000001
1898,,,3.576e-05,13440.0,,,3.576e-05,-0.4
1899,,,3.578e-05,13400.0,,,3.578e-05,-0.4
1900,,,3.58e-05,13400.0,,,3.58e-05,-0.4
1901,,,3.582e-05,13380.0,,,3.582e-05,-0.6000000000000001
1902,,,3.584e-05,13400.0,,,3.584e-05,-0.6000000000000001
1903,,,3.586e-05,13400.0,,,3.586e-05,0.0
1904,,,3.588e-05,13420.0,,,3.588e-05,-0.6000000000000001
1905,,,3.59e-05,13380.0,,,3.59e-05,-0.4
1906,,,3.592e-05,13400.0,,,3.592e-05,-0.8
1907,,,3.5940000000000005e-05,13380.0,,,3.5940000000000005e-05,-0.4
1908,,,3.596e-05,13380.0,,,3.596e-05,-0.4
1909,,,3.5980000000000004e-05,13380.0,,,3.5980000000000004e-05,-0.4
1910,,,3.6e-05,13360.0,,,3.6e-05,-0.6000000000000001
1911,,,3.6020000000000004e-05,13360.0,,,3.6020000000000004e-05,-0.4
1912,,,3.604e-05,13340.0,,,3.604e-05,-0.4
1913,,,3.6060000000000004e-05,13340.0,,,3.6060000000000004e-05,-0.4
1914,,,3.608e-05,13340.0,,,3.608e-05,-0.4
1915,,,3.61e-05,13340.0,,,3.61e-05,-0.4
1916,,,3.612e-05,13340.0,,,3.612e-05,-0.6000000000000001
1917,,,3.614e-05,13340.0,,,3.614e-05,-0.4
1918,,,3.616e-05,13340.0,,,3.616e-05,-0.4
1919,,,3.618e-05,13300.0,,,3.618e-05,-0.4
1920,,,3.62e-05,13320.0,,,3.62e-05,-0.6000000000000001
1921,,,3.622e-05,13320.0,,,3.622e-05,-0.6000000000000001
1922,,,3.624e-05,13340.0,,,3.624e-05,-0.2
1923,,,3.626e-05,13320.0,,,3.626e-05,-0.6000000000000001
1924,,,3.628e-05,13320.0,,,3.628e-05,-0.6000000000000001
1925,,,3.63e-05,13280.0,,,3.63e-05,-0.2
1926,,,3.6320000000000005e-05,13300.0,,,3.6320000000000005e-05,-0.6000000000000001
1927,,,3.634e-05,13300.0,,,3.634e-05,-0.4
1928,,,3.6360000000000004e-05,13280.0,,,3.6360000000000004e-05,-0.4
1929,,,3.638e-05,13260.0,,,3.638e-05,-0.4
1930,,,3.6400000000000004e-05,13280.0,,,3.6400000000000004e-05,-0.4
1931,,,3.642e-05,13260.0,,,3.642e-05,-0.4
1932,,,3.6440000000000003e-05,13260.0,,,3.6440000000000003e-05,-0.4
1933,,,3.646e-05,13260.0,,,3.646e-05,-0.6000000000000001
1934,,,3.648e-05,13260.0,,,3.648e-05,-0.6000000000000001
1935,,,3.65e-05,13260.0,,,3.65e-05,-0.4
1936,,,3.652e-05,13260.0,,,3.652e-05,-0.6000000000000001
1937,,,3.654e-05,13240.0,,,3.654e-05,-0.6000000000000001
1938,,,3.656e-05,13220.0,,,3.656e-05,-0.4
1939,,,3.658e-05,13220.0,,,3.658e-05,-0.2
1940,,,3.66e-05,13200.0,,,3.66e-05,-0.4
1941,,,3.662e-05,13240.0,,,3.662e-05,-0.2
1942,,,3.664e-05,13220.0,,,3.664e-05,-0.4
1943,,,3.6660000000000005e-05,13240.0,,,3.6660000000000005e-05,-0.8
1944,,,3.668e-05,13220.0,,,3.668e-05,-0.4
1945,,,3.6700000000000004e-05,13200.0,,,3.6700000000000004e-05,-0.2
1946,,,3.672e-05,13200.0,,,3.672e-05,-0.2
1947,,,3.6740000000000004e-05,13200.0,,,3.6740000000000004e-05,-0.4
1948,,,3.676e-05,13180.0,,,3.676e-05,-0.8
1949,,,3.6780000000000004e-05,13180.0,,,3.6780000000000004e-05,-0.4
1950,,,3.68e-05,13200.0,,,3.68e-05,-0.4
1951,,,3.682e-05,13140.0,,,3.682e-05,-0.4
1952,,,3.684e-05,13180.0,,,3.684e-05,-0.4
1953,,,3.686e-05,13140.0,,,3.686e-05,-0.6000000000000001
1954,,,3.688e-05,13140.0,,,3.688e-05,-0.2
1955,,,3.69e-05,13160.0,,,3.69e-05,-0.6000000000000001
1956,,,3.692e-05,13140.0,,,3.692e-05,-0.2
1957,,,3.694e-05,13140.0,,,3.694e-05,-0.4
1958,,,3.696e-05,13140.0,,,3.696e-05,-0.6000000000000001
1959,,,3.698e-05,13140.0,,,3.698e-05,-0.4
1960,,,3.7000000000000005e-05,13120.0,,,3.7000000000000005e-05,-0.4
1961,,,3.702e-05,13120.0,,,3.702e-05,-0.4
1962,,,3.7040000000000005e-05,13140.0,,,3.7040000000000005e-05,-0.4
1963,,,3.706e-05,13100.0,,,3.706e-05,-0.2
1964,,,3.7080000000000004e-05,13100.0,,,3.7080000000000004e-05,-0.4
1965,,,3.71e-05,13100.0,,,3.71e-05,-0.4
1966,,,3.7120000000000004e-05,13080.0,,,3.7120000000000004e-05,-0.4
1967,,,3.714e-05,13120.0,,,3.714e-05,-0.6000000000000001
1968,,,3.716e-05,13080.0,,,3.716e-05,-0.6000000000000001
1969,,,3.718e-05,13100.0,,,3.718e-05,-0.6000000000000001
1970,,,3.72e-05,13120.0,,,3.72e-05,-0.2
1971,,,3.722e-05,13080.0,,,3.722e-05,-0.6000000000000001
1972,,,3.724e-05,13100.0,,,3.724e-05,-0.4
1973,,,3.726e-05,13060.0,,,3.726e-05,-0.4
1974,,,3.728e-05,13040.0,,,3.728e-05,-0.6000000000000001
1975,,,3.73e-05,13060.0,,,3.73e-05,-0.4
1976,,,3.732e-05,13040.0,,,3.732e-05,-0.4
1977,,,3.734e-05,13040.0,,,3.734e-05,-0.4
1978,,,3.736e-05,13040.0,,,3.736e-05,-0.6000000000000001
1979,,,3.7380000000000005e-05,13040.0,,,3.7380000000000005e-05,-0.4
1980,,,3.74e-05,13040.0,,,3.74e-05,-0.4
1981,,,3.7420000000000004e-05,13040.0,,,3.7420000000000004e-05,-0.6000000000000001
1982,,,3.744e-05,13020.0,,,3.744e-05,-0.6000000000000001
1983,,,3.7460000000000004e-05,13020.0,,,3.7460000000000004e-05,-0.4
1984,,,3.748e-05,13020.0,,,3.748e-05,-0.4
1985,,,3.7500000000000003e-05,13020.0,,,3.7500000000000003e-05,-0.4
1986,,,3.752e-05,13020.0,,,3.752e-05,-1.0
1987,,,3.754e-05,13000.0,,,3.754e-05,-0.4
1988,,,3.756e-05,12980.0,,,3.756e-05,-0.4
1989,,,3.758e-05,13000.0,,,3.758e-05,-0.4
1990,,,3.76e-05,12980.0,,,3.76e-05,-0.4
1991,,,3.762e-05,12960.0,,,3.762e-05,-0.4
1992,,,3.764e-05,12980.0,,,3.764e-05,-0.4
1993,,,3.766e-05,12980.0,,,3.766e-05,-0.6000000000000001
1994,,,3.768e-05,12960.0,,,3.768e-05,-0.6000000000000001
1995,,,3.77e-05,12960.0,,,3.77e-05,-0.6000000000000001
1996,,,3.7720000000000005e-05,12920.0,,,3.7720000000000005e-05,-0.2
1997,,,3.774e-05,12940.0,,,3.774e-05,-0.4
1998,,,3.7760000000000004e-05,12920.0,,,3.7760000000000004e-05,-0.6000000000000001
1999,,,3.778e-05,12960.0,,,3.778e-05,-0.4
2000,,,3.7800000000000004e-05,12920.0,,,3.7800000000000004e-05,-0.8
2001,,,3.782e-05,12940.0,,,3.782e-05,-0.4
2002,,,3.7840000000000004e-05,12920.0,,,3.7840000000000004e-05,-0.4
2003,,,3.786e-05,12920.0,,,3.786e-05,-0.4
2004,,,3.788e-05,12900.0,,,3.788e-05,-0.4
2005,,,3.79e-05,12900.0,,,3.79e-05,-0.8
2006,,,3.792e-05,12900.0,,,3.792e-05,-0.2
2007,,,3.794e-05,12900.0,,,3.794e-05,-0.8
2008,,,3.796e-05,12880.0,,,3.796e-05,-0.4
2009,,,3.798e-05,12900.0,,,3.798e-05,-0.6000000000000001
2010,,,3.8e-05,12860.0,,,3.8e-05,-0.6000000000000001
2011,,,3.802e-05,12860.0,,,3.802e-05,-0.4
2012,,,3.804e-05,12880.0,,,3.804e-05,-0.4
2013,,,3.8060000000000005e-05,12860.0,,,3.8060000000000005e-05,-0.4
2014,,,3.808e-05,12860.0,,,3.808e-05,-0.4
2015,,,3.8100000000000005e-05,12840.0,,,3.8100000000000005e-05,-0.6000000000000001
2016,,,3.812e-05,12860.0,,,3.812e-05,-0.4
2017,,,3.8140000000000004e-05,12840.0,,,3.8140000000000004e-05,-0.2
2018,,,3.816e-05,12840.0,,,3.816e-05,-0.4
2019,,,3.8180000000000004e-05,12840.0,,,3.8180000000000004e-05,-0.4
2020,,,3.82e-05,12800.0,,,3.82e-05,-0.8
2021,,,3.822e-05,12820.0,,,3.822e-05,-0.6000000000000001
2022,,,3.824e-05,12800.0,,,3.824e-05,-0.4
2023,,,3.826e-05,12800.0,,,3.826e-05,-0.4
2024,,,3.828e-05,12800.0,,,3.828e-05,-0.6000000000000001
2025,,,3.83e-05,12820.0,,,3.83e-05,-0.6000000000000001
2026,,,3.832e-05,12780.0,,,3.832e-05,-0.6000000000000001
2027,,,3.834e-05,12780.0,,,3.834e-05,-0.4
2028,,,3.836e-05,12780.0,,,3.836e-05,-0.4
2029,,,3.838e-05,12780.0,,,3.838e-05,-0.6000000000000001
2030,,,3.84e-05,12760.0,,,3.84e-05,-0.8
2031,,,3.842e-05,12760.0,,,3.842e-05,-0.6000000000000001
2032,,,3.8440000000000005e-05,12740.0,,,3.8440000000000005e-05,-0.4
2033,,,3.846e-05,12740.0,,,3.846e-05,-0.4
2034,,,3.8480000000000004e-05,12740.0,,,3.8480000000000004e-05,-0.4
2035,,,3.85e-05,12720.0,,,3.85e-05,-0.4
2036,,,3.8520000000000004e-05,12740.0,,,3.8520000000000004e-05,-0.4
2037,,,3.854e-05,12740.0,,,3.854e-05,-0.6000000000000001
2038,,,3.8560000000000004e-05,12720.0,,,3.8560000000000004e-05,-0.6000000000000001
2039,,,3.858e-05,12720.0,,,3.858e-05,-0.4
2040,,,3.86e-05,12700.0,,,3.86e-05,-0.4
2041,,,3.862e-05,12720.0,,,3.862e-05,-0.4
2042,,,3.864e-05,12700.0,,,3.864e-05,-0.8
2043,,,3.866e-05,12700.0,,,3.866e-05,-0.6000000000000001
2044,,,3.868e-05,12700.0,,,3.868e-05,-0.6000000000000001
2045,,,3.87e-05,12700.0,,,3.87e-05,-0.4
2046,,,3.872e-05,12660.0,,,3.872e-05,-0.4
2047,,,3.874e-05,12680.0,,,3.874e-05,-0.8
2048,,,3.876e-05,12680.0,,,3.876e-05,-0.6000000000000001
2049,,,3.8780000000000005e-05,12660.0,,,3.8780000000000005e-05,-0.6000000000000001
2050,,,3.88e-05,12660.0,,,3.88e-05,-0.4
2051,,,3.8820000000000004e-05,12660.0,,,3.8820000000000004e-05,-0.6000000000000001
2052,,,3.884e-05,12640.0,,,3.884e-05,-1.2000000000000002
2053,,,3.8860000000000004e-05,12660.0,,,3.8860000000000004e-05,-0.6000000000000001
2054,,,3.888e-05,12640.0,,,3.888e-05,-0.6000000000000001
2055,,,3.8900000000000004e-05,12620.0,,,3.8900000000000004e-05,-0.8
2056,,,3.892e-05,12640.0,,,3.892e-05,-0.6000000000000001
2057,,,3.894e-05,12620.0,,,3.894e-05,-0.6000000000000001
2058,,,3.896e-05,12620.0,,,3.896e-05,-0.6000000000000001
2059,,,3.898e-05,12600.0,,,3.898e-05,-0.8
2060,,,3.9e-05,12600.0,,,3.9e-05,-0.6000000000000001
2061,,,3.902e-05,12600.0,,,3.902e-05,-0.8
2062,,,3.904e-05,12580.0,,,3.904e-05,-0.6000000000000001
2063,,,3.906e-05,12600.0,,,3.906e-05,-0.8
2064,,,3.908e-05,12580.0,,,3.908e-05,-0.6000000000000001
2065,,,3.91e-05,12580.0,,,3.91e-05,-0.6000000000000001
2066,,,3.9120000000000005e-05,12560.0,,,3.9120000000000005e-05,-0.6000000000000001
2067,,,3.914e-05,12560.0,,,3.914e-05,-0.6000000000000001
2068,,,3.9160000000000005e-05,12560.0,,,3.9160000000000005e-05,-0.6000000000000001
2069,,,3.918e-05,12560.0,,,3.918e-05,-0.6000000000000001
2070,,,3.9200000000000004e-05,12560.0,,,3.9200000000000004e-05,-0.8
2071,,,3.922e-05,12560.0,,,3.922e-05,-0.4
2072,,,3.9240000000000004e-05,12540.0,,,3.9240000000000004e-05,-0.8
2073,,,3.926e-05,12540.0,,,3.926e-05,-0.8
2074,,,3.9280000000000003e-05,12520.0,,,3.9280000000000003e-05,-0.4
2075,,,3.93e-05,12520.0,,,3.93e-05,-0.6000000000000001
2076,,,3.932e-05,12500.0,,,3.932e-05,-0.6000000000000001
2077,,,3.934e-05,12520.0,,,3.934e-05,-0.6000000000000001
2078,,,3.936e-05,12480.0,,,3.936e-05,-0.6000000000000001
2079,,,3.938e-05,12460.0,,,3.938e-05,-0.4
2080,,,3.94e-05,12460.0,,,3.94e-05,-0.6000000000000001
2081,,,3.942e-05,12480.0,,,3.942e-05,-0.6000000000000001
2082,,,3.944e-05,12480.0,,,3.944e-05,-0.6000000000000001
2083,,,3.946e-05,12480.0,,,3.946e-05,-0.4
2084,,,3.948e-05,12480.0,,,3.948e-05,-0.6000000000000001
2085,,,3.9500000000000005e-05,12440.0,,,3.9500000000000005e-05,-0.8
2086,,,3.952e-05,12480.0,,,3.952e-05,-0.8
2087,,,3.9540000000000004e-05,12460.0,,,3.9540000000000004e-05,-0.6000000000000001
2088,,,3.956e-05,12440.0,,,3.956e-05,-0.6000000000000001
2089,,,3.9580000000000004e-05,12460.0,,,3.9580000000000004e-05,-0.6000000000000001
2090,,,3.96e-05,12440.0,,,3.96e-05,-0.4
2091,,,3.9620000000000004e-05,12460.0,,,3.9620000000000004e-05,-0.8
2092,,,3.964e-05,12440.0,,,3.964e-05,-0.6000000000000001
2093,,,3.966e-05,12420.0,,,3.966e-05,-0.6000000000000001
2094,,,3.968e-05,12400.0,,,3.968e-05,-0.8
2095,,,3.97e-05,12400.0,,,3.97e-05,-0.6000000000000001
2096,,,3.972e-05,12400.0,,,3.972e-05,-0.4
2097,,,3.974e-05,12400.0,,,3.974e-05,-0.6000000000000001
2098,,,3.976e-05,12400.0,,,3.976e-05,-0.6000000000000001
2099,,,3.978e-05,12360.0,,,3.978e-05,-1.0
2100,,,3.98e-05,12400.0,,,3.98e-05,-0.6000000000000001
2101,,,3.982e-05,12360.0,,,3.982e-05,-0.6000000000000001
2102,,,3.9840000000000005e-05,12360.0,,,3.9840000000000005e-05,-0.8
2103,,,3.986e-05,12340.0,,,3.986e-05,-1.0
2104,,,3.9880000000000004e-05,12360.0,,,3.9880000000000004e-05,-0.6000000000000001
2105,,,3.99e-05,12340.0,,,3.99e-05,-0.4
2106,,,3.9920000000000004e-05,12360.0,,,3.9920000000000004e-05,-0.8
2107,,,3.994e-05,12340.0,,,3.994e-05,-0.4
2108,,,3.9960000000000004e-05,12320.0,,,3.9960000000000004e-05,-0.8
2109,,,3.998e-05,12320.0,,,3.998e-05,-0.6000000000000001
2110,,,4e-05,12320.0,,,4e-05,-0.4
2111,,,4.002e-05,12300.0,,,4.002e-05,-0.6000000000000001
2112,,,4.004e-05,12320.0,,,4.004e-05,-0.6000000000000001
2113,,,4.006e-05,12280.0,,,4.006e-05,-0.8
2114,,,4.008e-05,12280.0,,,4.008e-05,-0.6000000000000001
2115,,,4.01e-05,12300.0,,,4.01e-05,-0.6000000000000001
2116,,,4.012e-05,12280.0,,,4.012e-05,-0.6000000000000001
2117,,,4.014e-05,12260.0,,,4.014e-05,-0.6000000000000001
2118,,,4.016e-05,12260.0,,,4.016e-05,-0.6000000000000001
2119,,,4.0180000000000005e-05,12240.0,,,4.0180000000000005e-05,-0.8
2120,,,4.02e-05,12280.0,,,4.02e-05,-0.6000000000000001
2121,,,4.0220000000000005e-05,12260.0,,,4.0220000000000005e-05,-0.6000000000000001
2122,,,4.024e-05,12260.0,,,4.024e-05,-0.6000000000000001
2123,,,4.0260000000000004e-05,12240.0,,,4.0260000000000004e-05,-0.6000000000000001
2124,,,4.028e-05,12240.0,,,4.028e-05,-0.6000000000000001
2125,,,4.0300000000000004e-05,12240.0,,,4.0300000000000004e-05,-0.6000000000000001
2126,,,4.032e-05,12240.0,,,4.032e-05,-0.6000000000000001
2127,,,4.0340000000000003e-05,12220.0,,,4.0340000000000003e-05,-0.6000000000000001
2128,,,4.036e-05,12240.0,,,4.036e-05,-0.8
2129,,,4.038e-05,12180.0,,,4.038e-05,-0.6000000000000001
2130,,,4.04e-05,12220.0,,,4.04e-05,-0.6000000000000001
2131,,,4.042e-05,12200.0,,,4.042e-05,-0.6000000000000001
2132,,,4.044e-05,12180.0,,,4.044e-05,-0.8
2133,,,4.046e-05,12160.0,,,4.046e-05,-0.6000000000000001
2134,,,4.048e-05,12160.0,,,4.048e-05,-0.8
2135,,,4.05e-05,12160.0,,,4.05e-05,-0.8
2136,,,4.052e-05,12160.0,,,4.052e-05,-0.6000000000000001
2137,,,4.054e-05,12120.0,,,4.054e-05,-0.6000000000000001
2138,,,4.0560000000000005e-05,12140.0,,,4.0560000000000005e-05,-0.4
2139,,,4.058e-05,12140.0,,,4.058e-05,-0.6000000000000001
2140,,,4.0600000000000004e-05,12160.0,,,4.0600000000000004e-05,-0.4
2141,,,4.062e-05,12140.0,,,4.062e-05,-0.8
2142,,,4.0640000000000004e-05,12100.0,,,4.0640000000000004e-05,-0.6000000000000001
2143,,,4.066e-05,12120.0,,,4.066e-05,-0.6000000000000001
2144,,,4.0680000000000004e-05,12100.0,,,4.0680000000000004e-05,-0.2
2145,,,4.07e-05,12100.0,,,4.07e-05,-0.6000000000000001
2146,,,4.072e-05,12080.0,,,4.072e-05,-1.0
2147,,,4.074e-05,12100.0,,,4.074e-05,-0.8
2148,,,4.076e-05,12080.0,,,4.076e-05,-0.8
2149,,,4.078e-05,12080.0,,,4.078e-05,-0.6000000000000001
2150,,,4.08e-05,12100.0,,,4.08e-05,-1.0
2151,,,4.082e-05,12060.0,,,4.082e-05,-1.0
2152,,,4.084e-05,12080.0,,,4.084e-05,-0.6000000000000001
2153,,,4.086e-05,12060.0,,,4.086e-05,-0.6000000000000001
2154,,,4.088e-05,12020.0,,,4.088e-05,-0.8
2155,,,4.0900000000000005e-05,12040.0,,,4.0900000000000005e-05,-0.8
2156,,,4.092e-05,12020.0,,,4.092e-05,-1.0
2157,,,4.0940000000000004e-05,12020.0,,,4.0940000000000004e-05,-0.8
2158,,,4.096e-05,12020.0,,,4.096e-05,-0.8
2159,,,4.0980000000000004e-05,12000.0,,,4.0980000000000004e-05,-0.6000000000000001
2160,,,4.1e-05,12000.0,,,4.1e-05,-0.8
2161,,,4.1020000000000004e-05,12020.0,,,4.1020000000000004e-05,-0.8
2162,,,4.104e-05,12000.0,,,4.104e-05,-0.6000000000000001
2163,,,4.106e-05,11960.0,,,4.106e-05,-0.8
2164,,,4.108e-05,12000.0,,,4.108e-05,-1.0
2165,,,4.11e-05,11960.0,,,4.11e-05,-0.6000000000000001
2166,,,4.112e-05,11980.0,,,4.112e-05,-0.6000000000000001
2167,,,4.114e-05,11980.0,,,4.114e-05,-0.6000000000000001
2168,,,4.116e-05,11980.0,,,4.116e-05,-0.8
2169,,,4.118e-05,11960.0,,,4.118e-05,-0.8
2170,,,4.12e-05,11960.0,,,4.12e-05,-0.6000000000000001
2171,,,4.122e-05,11940.0,,,4.122e-05,-0.8
2172,,,4.1240000000000005e-05,11920.0,,,4.1240000000000005e-05,-0.8
2173,,,4.126e-05,11940.0,,,4.126e-05,-0.8
2174,,,4.1280000000000005e-05,11920.0,,,4.1280000000000005e-05,-0.8
2175,,,4.13e-05,11920.0,,,4.13e-05,-0.8
2176,,,4.1320000000000004e-05,11920.0,,,4.1320000000000004e-05,-0.8
2177,,,4.134e-05,11920.0,,,4.134e-05,-0.8
2178,,,4.1360000000000004e-05,11900.0,,,4.1360000000000004e-05,-0.8
2179,,,4.138e-05,11880.0,,,4.138e-05,-0.8
2180,,,4.1400000000000003e-05,11880.0,,,4.1400000000000003e-05,-0.6000000000000001
2181,,,4.142e-05,11900.0,,,4.142e-05,-0.6000000000000001
2182,,,4.144e-05,11840.0,,,4.144e-05,-0.6000000000000001
2183,,,4.146e-05,11900.0,,,4.146e-05,-0.6000000000000001
2184,,,4.148e-05,11860.0,,,4.148e-05,-1.0
2185,,,4.15e-05,11840.0,,,4.15e-05,-0.8
2186,,,4.152e-05,11840.0,,,4.152e-05,-0.6000000000000001
2187,,,4.154e-05,11860.0,,,4.154e-05,-0.6000000000000001
2188,,,4.156e-05,11860.0,,,4.156e-05,-0.6000000000000001
2189,,,4.158e-05,11840.0,,,4.158e-05,-0.8
2190,,,4.16e-05,11840.0,,,4.16e-05,-0.8
2191,,,4.1620000000000005e-05,11820.0,,,4.1620000000000005e-05,-0.6000000000000001
2192,,,4.164e-05,11820.0,,,4.164e-05,-0.6000000000000001
2193,,,4.1660000000000004e-05,11800.0,,,4.1660000000000004e-05,-1.0
2194,,,4.168e-05,11800.0,,,4.168e-05,-1.0
2195,,,4.1700000000000004e-05,11800.0,,,4.1700000000000004e-05,-0.8
2196,,,4.172e-05,11780.0,,,4.172e-05,-0.6000000000000001
2197,,,4.1740000000000004e-05,11780.0,,,4.1740000000000004e-05,-0.8
2198,,,4.176e-05,11800.0,,,4.176e-05,-1.2000000000000002
2199,,,4.178e-05,11760.0,,,4.178e-05,-0.8
2200,,,4.18e-05,11780.0,,,4.18e-05,-0.6000000000000001
2201,,,4.182e-05,11760.0,,,4.182e-05,-0.8
2202,,,4.184e-05,11740.0,,,4.184e-05,-0.8
2203,,,4.186e-05,11760.0,,,4.186e-05,-1.0
2204,,,4.188e-05,11740.0,,,4.188e-05,-0.6000000000000001
2205,,,4.19e-05,11740.0,,,4.19e-05,-0.6000000000000001
2206,,,4.192e-05,11720.0,,,4.192e-05,-0.6000000000000001
2207,,,4.194e-05,11740.0,,,4.194e-05,-1.0
2208,,,4.1960000000000005e-05,11700.0,,,4.1960000000000005e-05,-0.6000000000000001
2209,,,4.198e-05,11700.0,,,4.198e-05,-0.6000000000000001
2210,,,4.2000000000000004e-05,11700.0,,,4.2000000000000004e-05,-0.6000000000000001
2211,,,4.202e-05,11660.0,,,4.202e-05,-0.8
2212,,,4.2040000000000004e-05,11660.0,,,4.2040000000000004e-05,-0.8
2213,,,4.206e-05,11680.0,,,4.206e-05,-0.8
2214,,,4.2080000000000004e-05,11680.0,,,4.2080000000000004e-05,-0.8
2215,,,4.21e-05,11680.0,,,4.21e-05,-0.8
2216,,,4.212e-05,11640.0,,,4.212e-05,-0.8
2217,,,4.214e-05,11640.0,,,4.214e-05,-0.8
2218,,,4.216e-05,11640.0,,,4.216e-05,-0.8
2219,,,4.218e-05,11640.0,,,4.218e-05,-0.8
2220,,,4.22e-05,11640.0,,,4.22e-05,-0.6000000000000001
2221,,,4.222e-05,11620.0,,,4.222e-05,-0.8
2222,,,4.224e-05,11620.0,,,4.224e-05,-0.6000000000000001
2223,,,4.226e-05,11600.0,,,4.226e-05,-0.8
2224,,,4.228e-05,11620.0,,,4.228e-05,-0.6000000000000001
2225,,,4.2300000000000005e-05,11600.0,,,4.2300000000000005e-05,-1.0
2226,,,4.232e-05,11600.0,,,4.232e-05,-0.6000000000000001
2227,,,4.2340000000000005e-05,11620.0,,,4.2340000000000005e-05,-0.8
2228,,,4.236e-05,11580.0,,,4.236e-05,-0.8
2229,,,4.2380000000000004e-05,11560.0,,,4.2380000000000004e-05,-0.6000000000000001
2230,,,4.24e-05,11580.0,,,4.24e-05,-0.8
2231,,,4.2420000000000004e-05,11560.0,,,4.2420000000000004e-05,-1.0
2232,,,4.244e-05,11540.0,,,4.244e-05,-0.8
2233,,,4.2460000000000003e-05,11560.0,,,4.2460000000000003e-05,-0.6000000000000001
2234,,,4.248e-05,11540.0,,,4.248e-05,-0.8
2235,,,4.25e-05,11540.0,,,4.25e-05,-0.6000000000000001
2236,,,4.252e-05,11520.0,,,4.252e-05,-0.8
2237,,,4.254e-05,11520.0,,,4.254e-05,-0.6000000000000001
2238,,,4.256e-05,11520.0,,,4.256e-05,-0.8
2239,,,4.258e-05,11500.0,,,4.258e-05,-0.6000000000000001
2240,,,4.26e-05,11520.0,,,4.26e-05,-0.8
2241,,,4.262e-05,11500.0,,,4.262e-05,-0.8
2242,,,4.264e-05,11520.0,,,4.264e-05,-0.6000000000000001
2243,,,4.266e-05,11480.0,,,4.266e-05,-0.4
2244,,,4.2680000000000005e-05,11500.0,,,4.2680000000000005e-05,-0.6000000000000001
2245,,,4.27e-05,11460.0,,,4.27e-05,-1.2000000000000002
2246,,,4.2720000000000004e-05,11460.0,,,4.2720000000000004e-05,-0.8
2247,,,4.274e-05,11460.0,,,4.274e-05,-0.6000000000000001
2248,,,4.2760000000000004e-05,11440.0,,,4.2760000000000004e-05,-0.6000000000000001
2249,,,4.278e-05,11460.0,,,4.278e-05,-0.8
2250,,,4.2800000000000004e-05,11440.0,,,4.2800000000000004e-05,-1.2000000000000002
2251,,,4.282e-05,11420.0,,,4.282e-05,-1.0
2252,,,4.284e-05,11440.0,,,4.284e-05,-0.6000000000000001
2253,,,4.286e-05,11380.0,,,4.286e-05,-0.6000000000000001
2254,,,4.288e-05,11400.0,,,4.288e-05,-0.8
2255,,,4.29e-05,11380.0,,,4.29e-05,-1.0
2256,,,4.292e-05,11400.0,,,4.292e-05,-0.6000000000000001
2257,,,4.294e-05,11360.0,,,4.294e-05,-0.6000000000000001
2258,,,4.296e-05,11360.0,,,4.296e-05,-1.0
2259,,,4.298e-05,11400.0,,,4.298e-05,-0.8
2260,,,4.3e-05,11380.0,,,4.3e-05,-0.8
2261,,,4.3020000000000005e-05,11320.0,,,4.3020000000000005e-05,-0.8
2262,,,4.304e-05,11340.0,,,4.304e-05,-0.8
2263,,,4.3060000000000004e-05,11360.0,,,4.3060000000000004e-05,-0.8
2264,,,4.308e-05,11320.0,,,4.308e-05,-0.8
2265,,,4.3100000000000004e-05,11340.0,,,4.3100000000000004e-05,-0.6000000000000001
2266,,,4.312e-05,11340.0,,,4.312e-05,-0.8
2267,,,4.3140000000000004e-05,11340.0,,,4.3140000000000004e-05,-0.6000000000000001
2268,,,4.316e-05,11300.0,,,4.316e-05,-0.8
2269,,,4.318e-05,11320.0,,,4.318e-05,-0.8
2270,,,4.32e-05,11320.0,,,4.32e-05,-0.8
2271,,,4.322e-05,11280.0,,,4.322e-05,-0.8
2272,,,4.324e-05,11260.0,,,4.324e-05,-0.4
2273,,,4.326e-05,11300.0,,,4.326e-05,-0.6000000000000001
2274,,,4.328e-05,11280.0,,,4.328e-05,-0.8
2275,,,4.33e-05,11260.0,,,4.33e-05,-0.8
2276,,,4.332e-05,11260.0,,,4.332e-05,-0.6000000000000001
2277,,,4.334e-05,11240.0,,,4.334e-05,-0.6000000000000001
2278,,,4.3360000000000005e-05,11220.0,,,4.3360000000000005e-05,-0.8
2279,,,4.338e-05,11260.0,,,4.338e-05,-0.8
2280,,,4.3400000000000005e-05,11260.0,,,4.3400000000000005e-05,-0.8
2281,,,4.342e-05,11200.0,,,4.342e-05,-0.8
2282,,,4.3440000000000004e-05,11240.0,,,4.3440000000000004e-05,-0.8
2283,,,4.346e-05,11220.0,,,4.346e-05,-0.8
2284,,,4.3480000000000004e-05,11200.0,,,4.3480000000000004e-05,-0.8
2285,,,4.35e-05,11220.0,,,4.35e-05,-0.8
2286,,,4.3520000000000003e-05,11180.0,,,4.3520000000000003e-05,-0.8
2287,,,4.354e-05,11180.0,,,4.354e-05,-0.6000000000000001
2288,,,4.356e-05,11200.0,,,4.356e-05,-0.8
2289,,,4.358e-05,11180.0,,,4.358e-05,-0.8
2290,,,4.36e-05,11160.0,,,4.36e-05,-0.8
2291,,,4.362e-05,11160.0,,,4.362e-05,-0.6000000000000001
2292,,,4.364e-05,11140.0,,,4.364e-05,-1.0
2293,,,4.366e-05,11140.0,,,4.366e-05,-0.8
2294,,,4.368e-05,11160.0,,,4.368e-05,-0.8
2295,,,4.37e-05,11120.0,,,4.37e-05,-0.8
2296,,,4.372e-05,11100.0,,,4.372e-05,-1.0
2297,,,4.3740000000000005e-05,11120.0,,,4.3740000000000005e-05,-1.0
2298,,,4.376e-05,11080.0,,,4.376e-05,-0.6000000000000001
2299,,,4.3780000000000004e-05,11100.0,,,4.3780000000000004e-05,-0.8
2300,,,4.38e-05,11060.0,,,4.38e-05,-0.8
2301,,,4.3820000000000004e-05,11080.0,,,4.3820000000000004e-05,-0.8
2302,,,4.384e-05,11100.0,,,4.384e-05,-1.2000000000000002
2303,,,4.3860000000000004e-05,11060.0,,,4.3860000000000004e-05,-0.8
2304,,,4.388e-05,11040.0,,,4.388e-05,-0.6000000000000001
2305,,,4.39e-05,11080.0,,,4.39e-05,-0.8
2306,,,4.392e-05,11060.0,,,4.392e-05,-0.6000000000000001
2307,,,4.394e-05,11040.0,,,4.394e-05,-1.0
2308,,,4.396e-05,11040.0,,,4.396e-05,-0.4
2309,,,4.398e-05,11040.0,,,4.398e-05,-0.8
2310,,,4.4e-05,11020.0,,,4.4e-05,-0.8
2311,,,4.402e-05,11000.0,,,4.402e-05,-0.8
2312,,,4.404e-05,11000.0,,,4.404e-05,-1.0
2313,,,4.406e-05,11000.0,,,4.406e-05,-0.8
2314,,,4.4080000000000005e-05,10980.0,,,4.4080000000000005e-05,-0.6000000000000001
2315,,,4.41e-05,10980.0,,,4.41e-05,-0.8
2316,,,4.4120000000000004e-05,10960.0,,,4.4120000000000004e-05,-0.8
2317,,,4.414e-05,10960.0,,,4.414e-05,-0.8
2318,,,4.4160000000000004e-05,10980.0,,,4.4160000000000004e-05,-0.8
2319,,,4.418e-05,10960.0,,,4.418e-05,-0.8
2320,,,4.4200000000000004e-05,10960.0,,,4.4200000000000004e-05,-0.6000000000000001
2321,,,4.422e-05,10960.0,,,4.422e-05,-1.0
2322,,,4.424e-05,10920.0,,,4.424e-05,-0.8
2323,,,4.426e-05,10920.0,,,4.426e-05,-0.8
2324,,,4.428e-05,10920.0,,,4.428e-05,-0.6000000000000001
2325,,,4.43e-05,10900.0,,,4.43e-05,-0.8
2326,,,4.432e-05,10920.0,,,4.432e-05,-0.8
2327,,,4.434e-05,10920.0,,,4.434e-05,-0.8
2328,,,4.436e-05,10880.0,,,4.436e-05,-0.6000000000000001
2329,,,4.438e-05,10900.0,,,4.438e-05,-0.8
2330,,,4.44e-05,10880.0,,,4.44e-05,-1.0
2331,,,4.4420000000000005e-05,10880.0,,,4.4420000000000005e-05,-0.8
2332,,,4.444e-05,10860.0,,,4.444e-05,-1.0
2333,,,4.4460000000000005e-05,10860.0,,,4.4460000000000005e-05,-0.8
2334,,,4.448e-05,10840.0,,,4.448e-05,-0.8
2335,,,4.4500000000000004e-05,10820.0,,,4.4500000000000004e-05,-0.6000000000000001
2336,,,4.452e-05,10820.0,,,4.452e-05,-0.8
2337,,,4.4540000000000004e-05,10840.0,,,4.4540000000000004e-05,-0.8
2338,,,4.456e-05,10840.0,,,4.456e-05,-0.6000000000000001
2339,,,4.4580000000000003e-05,10820.0,,,4.4580000000000003e-05,-1.0
2340,,,4.46e-05,10840.0,,,4.46e-05,-0.8
2341,,,4.462e-05,10800.0,,,4.462e-05,-0.6000000000000001
2342,,,4.464e-05,10800.0,,,4.464e-05,-0.8
2343,,,4.466e-05,10780.0,,,4.466e-05,-0.8
2344,,,4.468e-05,10760.0,,,4.468e-05,-1.0
2345,,,4.47e-05,10800.0,,,4.47e-05,-1.0
2346,,,4.472e-05,10780.0,,,4.472e-05,-0.6000000000000001
2347,,,4.474e-05,10760.0,,,4.474e-05,-1.0
2348,,,4.476e-05,10760.0,,,4.476e-05,-1.0
2349,,,4.478e-05,10760.0,,,4.478e-05,-1.2000000000000002
2350,,,4.4800000000000005e-05,10740.0,,,4.4800000000000005e-05,-0.8
2351,,,4.482e-05,10720.0,,,4.482e-05,-0.8
2352,,,4.4840000000000004e-05,10720.0,,,4.4840000000000004e-05,-0.8
2353,,,4.486e-05,10720.0,,,4.486e-05,-0.6000000000000001
2354,,,4.4880000000000004e-05,10720.0,,,4.4880000000000004e-05,-1.0
2355,,,4.49e-05,10720.0,,,4.49e-05,-1.0
2356,,,4.4920000000000004e-05,10680.0,,,4.4920000000000004e-05,-0.8
2357,,,4.494e-05,10700.0,,,4.494e-05,-0.8
2358,,,4.496e-05,10680.0,,,4.496e-05,-1.2000000000000002
2359,,,4.498e-05,10660.0,,,4.498e-05,-1.0
2360,,,4.5e-05,10660.0,,,4.5e-05,-1.0
2361,,,4.502e-05,10620.0,,,4.502e-05,-0.8
2362,,,4.504e-05,10660.0,,,4.504e-05,-0.8
2363,,,4.506e-05,10660.0,,,4.506e-05,-1.2000000000000002
2364,,,4.508e-05,10620.0,,,4.508e-05,-0.6000000000000001
2365,,,4.51e-05,10640.0,,,4.51e-05,-0.6000000000000001
2366,,,4.512e-05,10640.0,,,4.512e-05,-0.8
2367,,,4.5140000000000005e-05,10640.0,,,4.5140000000000005e-05,-0.8
2368,,,4.516e-05,10640.0,,,4.516e-05,-0.8
2369,,,4.5180000000000004e-05,10600.0,,,4.5180000000000004e-05,-1.0
2370,,,4.52e-05,10600.0,,,4.52e-05,-1.0
2371,,,4.5220000000000004e-05,10580.0,,,4.5220000000000004e-05,-0.6000000000000001
2372,,,4.524e-05,10580.0,,,4.524e-05,-0.6000000000000001
2373,,,4.5260000000000004e-05,10600.0,,,4.5260000000000004e-05,-0.8
2374,,,4.528e-05,10560.0,,,4.528e-05,-1.0
2375,,,4.53e-05,10580.0,,,4.53e-05,-1.0
2376,,,4.532e-05,10600.0,,,4.532e-05,-0.8
2377,,,4.534e-05,10560.0,,,4.534e-05,-0.8
2378,,,4.536e-05,10540.0,,,4.536e-05,-0.8
2379,,,4.538e-05,10560.0,,,4.538e-05,-0.8
2380,,,4.54e-05,10520.0,,,4.54e-05,-0.8
2381,,,4.542e-05,10540.0,,,4.542e-05,-0.8
2382,,,4.544e-05,10520.0,,,4.544e-05,-1.0
2383,,,4.546e-05,10520.0,,,4.546e-05,-0.6000000000000001
2384,,,4.5480000000000005e-05,10500.0,,,4.5480000000000005e-05,-0.8
2385,,,4.55e-05,10520.0,,,4.55e-05,-0.6000000000000001
2386,,,4.5520000000000005e-05,10480.0,,,4.5520000000000005e-05,-0.8
2387,,,4.554e-05,10480.0,,,4.554e-05,-0.8
2388,,,4.5560000000000004e-05,10480.0,,,4.5560000000000004e-05,-0.8
2389,,,4.558e-05,10480.0,,,4.558e-05,-0.8
2390,,,4.5600000000000004e-05,10480.0,,,4.5600000000000004e-05,-1.0
2391,,,4.562e-05,10480.0,,,4.562e-05,-1.2000000000000002
2392,,,4.5640000000000003e-05,10480.0,,,4.5640000000000003e-05,-1.0
2393,,,4.566e-05,10480.0,,,4.566e-05,-0.6000000000000001
2394,,,4.568e-05,10480.0,,,4.568e-05,-1.0
2395,,,4.57e-05,10480.0,,,4.57e-05,-1.0
2396,,,4.572e-05,10480.0,,,4.572e-05,-1.4000000000000001
2397,,,4.574e-05,10480.0,,,4.574e-05,-1.2000000000000002
2398,,,4.576e-05,10480.0,,,4.576e-05,-1.0
2399,,,4.578e-05,10480.0,,,4.578e-05,-0.8
2400,,,4.58e-05,10480.0,,,4.58e-05,-0.8
2401,,,4.582e-05,10480.0,,,4.582e-05,-1.2000000000000002
2402,,,4.584e-05,10480.0,,,4.584e-05,-0.8
2403,,,4.5860000000000005e-05,10480.0,,,4.5860000000000005e-05,-0.8
2404,,,4.588e-05,10480.0,,,4.588e-05,-0.8
2405,,,4.5900000000000004e-05,10480.0,,,4.5900000000000004e-05,-1.0
2406,,,4.592e-05,10480.0,,,4.592e-05,-1.0
2407,,,4.5940000000000004e-05,10480.0,,,4.5940000000000004e-05,-1.0
2408,,,4.596e-05,10480.0,,,4.596e-05,-0.8
2409,,,4.5980000000000004e-05,10480.0,,,4.5980000000000004e-05,-1.0
2410,,,4.6e-05,10480.0,,,4.6e-05,-0.8
2411,,,4.602e-05,10480.0,,,4.602e-05,-0.8
2412,,,4.604e-05,10480.0,,,4.604e-05,-0.6000000000000001
2413,,,4.606e-05,10480.0,,,4.606e-05,-0.6000000000000001
2414,,,4.608e-05,10480.0,,,4.608e-05,-0.8
2415,,,4.61e-05,10480.0,,,4.61e-05,-0.8
2416,,,4.612e-05,10480.0,,,4.612e-05,-1.0
2417,,,4.614e-05,10480.0,,,4.614e-05,-1.2000000000000002
2418,,,4.616e-05,10480.0,,,4.616e-05,-0.8
2419,,,4.618e-05,10480.0,,,4.618e-05,-0.8
2420,,,4.6200000000000005e-05,10480.0,,,4.6200000000000005e-05,-1.2000000000000002
2421,,,4.622e-05,10480.0,,,4.622e-05,-0.8
2422,,,4.6240000000000005e-05,10480.0,,,4.6240000000000005e-05,-0.8
2423,,,4.626e-05,10480.0,,,4.626e-05,-1.0
2424,,,4.6280000000000004e-05,10480.0,,,4.6280000000000004e-05,-1.0
2425,,,4.63e-05,10480.0,,,4.63e-05,-0.8
2426,,,4.6320000000000004e-05,10480.0,,,4.6320000000000004e-05,-0.8
2427,,,4.634e-05,10480.0,,,4.634e-05,-0.6000000000000001
2428,,,4.636e-05,10480.0,,,4.636e-05,-1.0
2429,,,4.638e-05,10480.0,,,4.638e-05,-1.0
2430,,,4.64e-05,10480.0,,,4.64e-05,-1.0
2431,,,4.642e-05,10480.0,,,4.642e-05,-1.0
2432,,,4.644e-05,10480.0,,,4.644e-05,-0.8
2433,,,4.646e-05,10480.0,,,4.646e-05,-1.0
2434,,,4.648e-05,10480.0,,,4.648e-05,-1.0
2435,,,4.65e-05,10480.0,,,4.65e-05,-1.0
2436,,,4.652e-05,10480.0,,,4.652e-05,-1.0
2437,,,4.6540000000000005e-05,10480.0,,,4.6540000000000005e-05,-1.0
2438,,,4.656e-05,10480.0,,,4.656e-05,-1.0
2439,,,4.6580000000000005e-05,10480.0,,,4.6580000000000005e-05,-0.8
2440,,,4.66e-05,10480.0,,,4.66e-05,-0.8
2441,,,4.6620000000000004e-05,10480.0,,,4.6620000000000004e-05,-0.8
2442,,,4.664e-05,10480.0,,,4.664e-05,-0.8
2443,,,4.6660000000000004e-05,10480.0,,,4.6660000000000004e-05,-1.2000000000000002
2444,,,4.668e-05,10480.0,,,4.668e-05,-0.8
2445,,,4.6700000000000003e-05,10480.0,,,4.6700000000000003e-05,-1.0
2446,,,4.672e-05,10480.0,,,4.672e-05,-1.0
2447,,,4.674e-05,10480.0,,,4.674e-05,-1.0
2448,,,4.676e-05,10480.0,,,4.676e-05,-1.2000000000000002
2449,,,4.678e-05,10480.0,,,4.678e-05,-0.8
2450,,,4.68e-05,10480.0,,,4.68e-05,-0.6000000000000001
2451,,,4.682e-05,10480.0,,,4.682e-05,-1.0
2452,,,4.684e-05,10480.0,,,4.684e-05,-0.6000000000000001
2453,,,4.686e-05,10480.0,,,4.686e-05,-1.2000000000000002
2454,,,4.688e-05,10480.0,,,4.688e-05,-1.0
2455,,,4.69e-05,10480.0,,,4.69e-05,-0.8
2456,,,4.6920000000000005e-05,10480.0,,,4.6920000000000005e-05,-1.0
2457,,,4.694e-05,10480.0,,,4.694e-05,-1.0
2458,,,4.6960000000000004e-05,10480.0,,,4.6960000000000004e-05,-0.8
2459,,,4.698e-05,10480.0,,,4.698e-05,-0.8
2460,,,4.7000000000000004e-05,10480.0,,,4.7000000000000004e-05,-1.0
2461,,,4.702e-05,10480.0,,,4.702e-05,-1.0
2462,,,4.7040000000000004e-05,10480.0,,,4.7040000000000004e-05,-1.0
2463,,,4.706e-05,10480.0,,,4.706e-05,-0.8
2464,,,4.708e-05,10480.0,,,4.708e-05,-0.8
2465,,,4.71e-05,10480.0,,,4.71e-05,-0.8
2466,,,4.712e-05,10480.0,,,4.712e-05,-1.2000000000000002
2467,,,4.714e-05,10480.0,,,4.714e-05,-1.0
2468,,,4.716e-05,10480.0,,,4.716e-05,-1.0
2469,,,4.718e-05,10480.0,,,4.718e-05,-1.0
2470,,,4.72e-05,10480.0,,,4.72e-05,-0.8
2471,,,4.722e-05,10480.0,,,4.722e-05,-1.0
2472,,,4.724e-05,10480.0,,,4.724e-05,-1.0
2473,,,4.7260000000000005e-05,10480.0,,,4.7260000000000005e-05,-1.2000000000000002
2474,,,4.728e-05,10480.0,,,4.728e-05,-0.8
2475,,,4.7300000000000005e-05,10480.0,,,4.7300000000000005e-05,-0.8
2476,,,4.732e-05,10480.0,,,4.732e-05,-0.8
2477,,,4.7340000000000004e-05,10480.0,,,4.7340000000000004e-05,-1.0
2478,,,4.736e-05,10480.0,,,4.736e-05,-1.0
2479,,,4.7380000000000004e-05,10480.0,,,4.7380000000000004e-05,-1.0
2480,,,4.74e-05,10480.0,,,4.74e-05,-0.6000000000000001
2481,,,4.742e-05,10480.0,,,4.742e-05,-1.2000000000000002
2482,,,4.744e-05,10480.0,,,4.744e-05,-0.8
2483,,,4.746e-05,10480.0,,,4.746e-05,-1.0
2484,,,4.748e-05,10480.0,,,4.748e-05,-0.8
2485,,,4.75e-05,10480.0,,,4.75e-05,-1.0
2486,,,4.752e-05,10480.0,,,4.752e-05,-0.6000000000000001
2487,,,4.754e-05,10480.0,,,4.754e-05,-0.8
2488,,,4.756e-05,10480.0,,,4.756e-05,-1.2000000000000002
2489,,,4.758e-05,10480.0,,,4.758e-05,-0.8
2490,,,4.7600000000000005e-05,10480.0,,,4.7600000000000005e-05,-1.2000000000000002
2491,,,4.762e-05,10480.0,,,4.762e-05,-0.8
2492,,,4.7640000000000005e-05,10480.0,,,4.7640000000000005e-05,-0.8
2493,,,4.766e-05,10480.0,,,4.766e-05,-0.8
2494,,,4.7680000000000004e-05,10480.0,,,4.7680000000000004e-05,-1.0
2495,,,4.77e-05,10480.0,,,4.77e-05,-1.2000000000000002
2496,,,4.7720000000000004e-05,10480.0,,,4.7720000000000004e-05,-0.8
2497,,,4.774e-05,10480.0,,,4.774e-05,-0.8
2498,,,4.7760000000000004e-05,10480.0,,,4.7760000000000004e-05,-0.8
2499,,,4.778e-05,10480.0,,,4.778e-05,-0.8
